12	0.8954997836434444	0.7333908541846419	0.7172995780590717	0.7252559726962459
17	0.8959865858935526	0.8954795503468069	0.8771231111631721	0.8862062843955264
25	0.9274123755949806	0.6826273787599755	0.574083634486319	0.6236679753224902
26	0.9373647771527477	0.8008825151682295	0.6456202756780791	0.7149187592319055
55	0.9110774556469061	0.6570588235294118	0.5128558310376492	0.5760701392470345
66	0.9132410212029425	0.6611711199545196	0.5356978350990327	0.5918575063613232
70	0.8704565123323237	0.7530438311688312	0.7590509306606668	0.7560354487114189
75	0.8706728688879273	0.6753424657534246	0.5774524158125915	0.6225730071033938
76	0.8765144958892255	0.8671497584541062	0.8036938575626137	0.8342168324740397
77	0.8928494158372998	0.6282984531392175	0.5426326129666011	0.5823318574741725
84	0.825237992211164	0.8628841607565012	0.85546875	0.8591604550804237
85	0.9005300735612289	0.6419036564132328	0.47508591065292094	0.546038015304863
86	0.8243725659887494	0.8449391171993912	0.8459853319363749	0.8454619009090476
87	0.912916486369537	0.7137826961770624	0.5768292682926829	0.6380395683453238
95	0.957377758546084	0.9618915641780703	0.9696176008381352	0.9657391304347825
105	0.914052358286456	0.6182152713891444	0.6390870185449358	0.6284779050736498
106	0.8777044569450454	0.7494217424826523	0.6939552594002856	0.7206227604102311
107	0.8936607529208135	0.6100131752305665	0.5630320226996351	0.5855817875210793
108	0.870889225443531	0.7470015840687938	0.7223194748358862	0.7344532206029591
119	0.9224902639549979	0.766801322071245	0.7234927234927235	0.7445177393474772
127	0.9091302466464734	0.7384615384615385	0.5274725274725275	0.6153846153846154
128	0.8289701427953267	0.7997894103489771	0.7438444320089536	0.7708031313424181
131	0.9313608827347468	0.8244514106583072	0.6773362766740251	0.7436881438093316
138	0.8802466464733881	0.7333650190114068	0.7386309238870273	0.7359885523491534
148	0.8437364777152748	0.8821861989547347	0.8646466400416739	0.8733283640987415
158	0.9070207702293379	0.9033360961458765	0.9173066806943714	0.9102677872318212
161	0.9530506274340113	0.9547047721757886	0.9668699371985073	0.9607488468843267
165	0.9344439636520987	0.7760736196319018	0.662303664921466	0.7146892655367232
173	0.9147555170921678	0.6561743341404358	0.5181644359464627	0.579059829059829
197	0.9098334054521852	0.8047210300429185	0.7181942544459644	0.7589995662859621
202	0.8889549978364344	0.8161172161172161	0.7199482981473503	0.7650223188737554
205	0.9002055387278235	0.8101597901264012	0.7640575798470536	0.7864336150017364
208	0.9002055387278235	0.7164291072768192	0.6368789596532177	0.6743159752868492
213	0.9566745997403722	0.9573165687815369	0.9759655928487098	0.9665511337537062
222	0.9174058848983124	0.9040376408797461	0.927064631956912	0.9154063486787435
223	0.9439636520986586	0.8354661791590493	0.7300319488817891	0.7791986359761296
224	0.9494266551276503	0.8805834092980857	0.8424418604651163	0.8610904768979349
234	0.9184876676763306	0.7334403853873946	0.6842696629213483	0.7080023251307886
238	0.8315123323236694	0.8709832518631301	0.8783740100210118	0.8746630185490686
253	0.9614344439636521	0.9682835820895522	0.971166113804542	0.9697227058473822
271	0.911185633924708	0.9113707321986101	0.922332076240954	0.9168186423505573
300	0.8144742535698831	0.8620083682008368	0.8525906306902831	0.8572736351531293
301	0.8927412375594981	0.6816326530612244	0.5812739296902193	0.6274657148224686
304	0.9428818693206404	0.8005284015852048	0.7509293680297398	0.7749360613810742
311	0.9142687148420597	0.9174636174636175	0.9177498180305709	0.9176066954306805
312	0.9055062743401125	0.7800189095493224	0.7023269012485811	0.7391369269822309
326	0.8715923842492428	0.8524402227317392	0.7794249775381851	0.8142991239048811
334	0.9165945478147988	0.7525697503671072	0.7025359835503769	0.726692662176533
335	0.9069125919515362	0.7093128390596745	0.5927465054778995	0.6458118954517391
349	0.8931198615318044	0.7664618086040387	0.689755069791941	0.7260881619074022
351	0.8814906966681091	0.6801817546312479	0.6039726877715704	0.6398158803222094
358	0.9304413673734314	0.7225548902195609	0.5554987212276215	0.6281087333718913
391	0.8608827347468628	0.8478378086919012	0.8713288263327054	0.859422824661128
392	0.9157291215923843	0.8749315318605075	0.8458958517210945	0.8601687309280202
396	0.9426114236261359	0.8256555634301913	0.8037254225595033	0.814542912078308
409	0.8925789701427953	0.7615621788283659	0.6327924850555081	0.6912313432835822
413	0.9384465599307659	0.7422024188415022	0.6140073723012112	0.6720461095100865
414	0.9004218952834271	0.8350723045945451	0.8291530352599055	0.8321021431828546
418	0.9077239290350497	0.7608926673751328	0.7803814713896458	0.770513855259618
434	0.9248160969277369	0.8410359455235543	0.8474690663667042	0.8442402510085164
448	0.9106988316745998	0.6745970836531082	0.41737891737891736	0.5156937518333822
454	0.8832756382518391	0.734065263799939	0.6517736257784998	0.6904761904761905
456	0.895175248810039	0.6239649293716513	0.5234981610134859	0.5693333333333332
474	0.8615318044136737	0.6601691798455315	0.5231710871466045	0.5837398373983741
485	0.9121051492860234	0.6925479696564034	0.6237942122186495	0.6563755550856417
491	0.8864668974469927	0.7391555812608445	0.6810551558752997	0.7089169324642908
492	0.8790025962786673	0.7550036170725826	0.7194393382352942	0.736792563831039
496	0.9545651233232367	0.8543010752688172	0.7363299351251158	0.7909407665505226
497	0.9100497620077889	0.8202421608196212	0.7090713902308106	0.7606160932776739
498	0.9209757680657724	0.908843537414966	0.924247665167762	0.916480878065512
499	0.9276287321505842	0.783180026281209	0.6795895096921323	0.7277167277167277
504	0.9031263522284725	0.6609345794392524	0.6666666666666666	0.6637882485451474
510	0.9061553440069234	0.6705756929637526	0.5296842105263158	0.5918607386497294
511	0.8715382951103419	0.7399949660206393	0.6865950490425035	0.7122955784373106
512	0.9452077022933795	0.8506843633347159	0.7585059171597633	0.8019550342130988
530	0.9159454781479879	0.663895486935867	0.5308641975308642	0.5899736147757256
534	0.9015577672003462	0.8463942844384907	0.7700589071704246	0.8064241650712615
542	0.8614777152747728	0.9071553228621292	0.9134682974834809	0.9103008651185597
543	0.8682929467762873	0.8265480670543962	0.7727490804413881	0.7987436978262665
547	0.9339571614019905	0.7850208044382802	0.6919315403422983	0.7355425601039635
549	0.8648853310255301	0.7926711668273867	0.7428158322790529	0.7669341295017728
558	0.9367697966248377	0.7517401392111369	0.6362297496318114	0.6891784099973411
574	0.949643011683254	0.9626828867335196	0.9608663549101649	0.9617737630876617
581	0.9245997403721333	0.8470688190314358	0.6585204755614267	0.7409884801189148
585	0.906966681090437	0.6349678058444774	0.5660044150110375	0.5985060690943044
588	0.8586109909130246	0.7184115523465704	0.6178648196799618	0.6643554185927067
596	0.906966681090437	0.6074666666666667	0.5365049458313706	0.5697848924462232
597	0.9369861531804413	0.775	0.5976272862086011	0.6748534747418364
599	0.9197317178710515	0.7969563476171405	0.6707111560498821	0.7284040995607614
601	0.8824102120294245	0.7289365730514358	0.6372413793103449	0.6800117750956727
610	0.9288186932064042	0.6819899244332494	0.571805702217529	0.6220562894887995
613	0.8956620510601471	0.7759965337954939	0.800089345543891	0.7878587924777302
618	0.9088057118130679	0.6732467532467532	0.5507862303442413	0.6058906030855539
620	0.9283859800951969	0.7827380952380952	0.6936699321778448	0.735517379145026
621	0.8760276936391173	0.8386932108218479	0.7857484457197513	0.8113580246913581
625	0.8438446559930766	0.8416137467314158	0.8071411511822307	0.8240170679670833
643	0.8688879273041973	0.7315099078984092	0.641929953465589	0.6837985911818419
644	0.8559606231068801	0.840160547751151	0.8446475195822454	0.8423980588270107
646	0.8953916053656426	0.8667167261122584	0.7904468412942989	0.8268266475644699
648	0.9003137170056252	0.7630277672118676	0.6218226906385617	0.6852263023057216
699	0.902260926006058	0.5660377358490566	0.43283582089552236	0.49055539892867206
701	0.9540242319342276	0.8772342427093133	0.7599837000814996	0.814410480349345
703	0.896960190393769	0.6692181519956261	0.4849445324881141	0.5623707787732597
706	0.8926330592816962	0.8012165450121654	0.7381752970186057	0.7684050869210127
711	0.9177304197317179	0.6450040617384241	0.422790202342918	0.5107751688645867
722	0.9297382085677196	0.7815884476534296	0.5812080536912752	0.6666666666666667
727	0.8928494158372998	0.853566958698373	0.8042452830188679	0.8281724347298117
736	0.8920380787537863	0.7928603910868577	0.7626859142607174	0.7774804905239688
739	0.9165404586758978	0.8378209142141515	0.7230478249121859	0.7762146482958666
743	0.9458567719601904	0.928031985784096	0.8605561277033985	0.8930212675002672
744	0.9116183470359152	0.7581837381203802	0.6946146404385682	0.7250084146751935
745	0.9097252271743834	0.8400194505227327	0.7736229287953426	0.8054551812565567
752	0.87083513630463	0.8832400319890323	0.8498406067934484	0.866218487394958
760	0.9159995672868888	0.802784222737819	0.7165680473372781	0.7572299515397843
764	0.9127542189528343	0.7664259927797834	0.6872774360634509	0.7246970472776925
765	0.9495348334054522	0.8435955056179776	0.7623883021933388	0.8009387668017923
769	0.8950670705322371	0.7771029456422714	0.6796812749003984	0.7251345990365543
770	0.8907399394201644	0.6948847262247838	0.6218568665377177	0.6563456958149031
773	0.9174058848983124	0.6871202916160389	0.5277648156789547	0.5969912905779889
779	0.8950129813933362	0.6820960698689956	0.5628828828828829	0.6167818361303061
786	0.8954997836434444	0.7806090739589807	0.6720171214553237	0.7222541690626797
799	0.8768390307226309	0.8462887200467563	0.8254239703577028	0.8357261380852752
824	0.9179467762873215	0.6137469586374696	0.5335801163405606	0.5708628005657709
830	0.9035049762007789	0.8911214953271028	0.8405818395533353	0.8651141690609406
831	0.8377866724361748	0.848448816344179	0.8309337285623545	0.8395999358185805
838	0.9011250540891389	0.7766225582860744	0.6877790178571429	0.7295057709381475
846	0.909941583729987	0.6191335740072202	0.4992721979621543	0.5527800161160354
850	0.8962029424491562	0.7058333333333333	0.5827313381492948	0.6384021104201997
863	0.8958784076157508	0.6170411985018727	0.5435051546391753	0.577943433457575
880	0.911726525313717	0.773268921095008	0.7212376088915591	0.7463475287534971
885	0.9110233665080052	0.6494736842105263	0.5576140985088116	0.6000486263068321
892	0.8812202509736045	0.8534181240063593	0.8081903041252635	0.8301886792452831
898	0.9190826482042406	0.773640372366487	0.6042862610026789	0.6785560807907176
912	0.8788403288619645	0.7910819375282934	0.7263092269326683	0.7573131094257854
929	0.8445478147987884	0.8855725250019382	0.8909601435145464	0.8882581648522551
930	0.9245997403721333	0.6652690426275332	0.5099089448312801	0.5773195876288659
931	0.8656425789701429	0.6989182692307693	0.6108193277310925	0.6519058295964125
932	0.8825724794461273	0.6581632653061225	0.5633187772925764	0.6070588235294119
943	0.88035482475119	0.7574397732640529	0.730191256830601	0.7435659633665661
945	0.9559714409346604	0.824954572986069	0.7217806041335453	0.7699265121537591
946	0.972144093466032	0.9156479217603912	0.7989333333333334	0.8533181429792083
948	0.9208675897879706	0.6753755715218811	0.517	0.5856697819314642
953	0.8719710082215492	0.8546017014694509	0.8425467022493328	0.8485313879823383
957	0.8859800951968845	0.7438132733408324	0.6884435190005206	0.7150581238172479
958	0.8784076157507572	0.6572327044025157	0.5975222363405337	0.6259567387687188
960	0.9094547814798788	0.5959595959595959	0.3992712129099427	0.47817955112219446
965	0.9042081350064907	0.6169031462060457	0.46511627906976744	0.5303632988597189
969	0.9040999567286889	0.6964609800362976	0.581659719590754	0.6339046045839355
980	0.9208135006490696	0.6997840172786177	0.4814264487369985	0.5704225352112676
983	0.8930116832540026	0.6755669348939283	0.6286589516678013	0.6512693935119888
988	0.9103742968411943	0.6801692865779927	0.4993342210386152	0.5758894292295879
992	0.9054521852012116	0.635665914221219	0.5994040017028522	0.6170026292725679
993	0.8983665080051926	0.6741302101274543	0.6771626297577855	0.6756430174348351
1004	0.8947966248377326	0.7708803611738149	0.706856403622251	0.7374814414900797
1007	0.9355257464301169	0.9205213391259903	0.803479812625474	0.8580276322058124
1014	0.854878840328862	0.7088262056414922	0.575615763546798	0.6353133070545058
1015	0.8932280398096062	0.8787592505117304	0.8225497420781135	0.8497259439707673
1017	0.9303872782345305	0.7405582922824302	0.733631557543717	0.7370786516853932
1036	0.9131328429251406	0.8998008464027881	0.9002490660024907	0.9000249003984063
1038	0.9390956295975768	0.9465983906364301	0.9364209655742789	0.9414821744101445
1039	0.8944180008654262	0.803988035892323	0.8062387522495501	0.805111821086262
1042	0.922977066205106	0.9428069963081764	0.9701687737435386	0.9562922038060159
1043	0.8525530073561229	0.8935336903524899	0.889127495426708	0.8913251475043852
1044	0.9005841627001299	0.8563807084933845	0.7750096562379297	0.8136658556366587
1047	0.9604067503245348	0.8727810650887574	0.827323717948718	0.8494446729740847
1057	0.9419623539593249	0.8211009174311926	0.7238172260412454	0.7693960885450247
1061	0.9605690177412376	0.8527193330686781	0.8571428571428571	0.8549253731343284
1167	0.828807875378624	0.6613283089967028	0.6191841234840132	0.6395626921762897
1169	0.9020445694504543	0.5940902021772939	0.5271389144434223	0.558615647087497
1170	0.8772176546949373	0.6652943598188555	0.525870484868207	0.5874227553616866
1202	0.9356339247079186	0.9494244337170442	0.9617091702399759	0.9555273189326556
1203	0.9360666378191259	0.9475198916539699	0.9521946240217761	0.949851506151888
1204	0.9085352661185634	0.7231939163498099	0.6638743455497382	0.6922656960873521
1205	0.8750540891389009	0.6567685589519651	0.6660761736049602	0.6613896218117854
1209	0.88749459108611	0.8628967294989528	0.8133637053910402	0.8373983739837398
1210	0.9148636953699697	0.8738959764474975	0.7706620510601471	0.8190388595079329
1216	0.9264387710947641	0.7316543638732088	0.6942727647301195	0.7124735729386892
1279	0.9595413241021203	0.9657562168772931	0.9730551219912922	0.9693919305998854
1280	0.889820424058849	0.766872890888639	0.6930114358322744	0.7280736884261113
1281	0.9136737343141497	0.8774717514124294	0.8463896457765667	0.8616504854368932
1283	0.9359584595413241	0.699666295884316	0.6614090431125131	0.68
1309	0.9388251839030722	0.9411098527746319	0.9423711340206186	0.9417400710863855
1310	0.8980419731717871	0.9217544079814268	0.9583768267223383	0.9397089397089397
1311	0.9592708784076157	0.8840054372451291	0.7969771241830066	0.8382384532760473
1317	0.9405560363479013	0.803076923076923	0.7372881355932204	0.7687776141384388
1318	0.9647879705755085	0.8970988213961922	0.8235538909696213	0.8587546105445867
1323	0.8572587624405019	0.721788990825688	0.688169691668489	0.7045785290495914
1332	0.8857637386412809	0.6528610354223433	0.4481855592966704	0.5314995563442768
1357	0.8778126352228472	0.9131973198825567	0.9164400120882442	0.9148157924506958
1359	0.8668325400259628	0.7346053772766695	0.62203182374541	0.6736479321314952
1363	0.917081350064907	0.7965953731994763	0.6310511756569848	0.7042253521126761
1364	0.8747836434443964	0.8146375791695989	0.8529325081049219	0.8333453315096105
1365	0.8314041540458675	0.8189170182841069	0.8163336838415702	0.8176233105143058
1366	0.9660861099091302	0.9303118908382066	0.7977434183033849	0.8589426321709787
1369	0.8721873647771528	0.8219752186588921	0.7649652365609632	0.7924462011418533
1370	0.8551492860233665	0.8611144834284327	0.8221861597310769	0.8412001897533207
1375	0.9381761142362613	0.9458662453923118	0.9345473465140479	0.9401727296519236
1376	0.8897122457810471	0.9336857907447295	0.933259394572025	0.9334725439655454
1377	0.9442340977931631	0.8079904591532499	0.6564922480620154	0.7244052392408447
1379	0.9604067503245348	0.9611964430072757	0.9792455938066217	0.9701370757180157
1380	0.9234638684552142	0.9252740303541316	0.9255666842382709	0.9254203341590682
1381	0.9183794893985288	0.6812297734627831	0.579092159559835	0.6260223048327137
1382	0.9017741237559498	0.7324498567335244	0.6567116249197174	0.6925160853369454
1389	0.8740263954997837	0.8190226607060275	0.8214285714285714	0.8202238517946739
1390	0.8398420597144094	0.8591412473285409	0.8540801545147272	0.8566032253377888
1394	0.9547273907399394	0.9652503010493722	0.9628485628485628	0.9640479360852198
1395	0.953212894850714	0.9649974007970888	0.9602551944133115	0.9626204571971825
1398	0.882680657723929	0.9274284110050534	0.9209004111784793	0.9241528831695631
1399	0.9132951103418434	0.6487093153759821	0.5419596812001876	0.5905491698595147
1400	0.9047490263954998	0.8498147064560172	0.8146970830216903	0.8318854415274463
1401	0.904045867589788	0.8039006144803633	0.7431464559150408	0.7723305954825461
1404	0.8608286456079619	0.8678881388621023	0.796057619408643	0.8304224609503724
1405	0.8902531371700563	0.804559585492228	0.7814009661835749	0.7928111916675176
1406	0.9101579402855906	0.8031531531531532	0.819205145876407	0.8110997384282952
1408	0.9574318476849849	0.9698709945900957	0.9648120549759894	0.967334910554933
1411	0.9085352661185634	0.73290273556231	0.6612958519026397	0.695260407280591
1414	0.9053440069234098	0.8945422086202499	0.8837238599143361	0.8891001267427123
1415	0.9120510601471224	0.7833682739343116	0.6902709359605911	0.7338788870703763
1416	0.8794353093898745	0.6744096012388695	0.5565495207667731	0.6098372133730089
1417	0.8547706620510601	0.7010091527810374	0.6791723510686676	0.6899180043884975
1420	0.9043163132842925	0.72782874617737	0.6430260047281324	0.6828043751120675
1427	0.9056144526179143	0.7031382527565734	0.6133925268220496	0.655206480932622
1429	0.8365426222414539	0.8696571682991986	0.8084644039735099	0.8379450879450879
1430	0.8797057550843791	0.5649263721552878	0.5033797216699801	0.5323801513877208
1440	0.9434768498485504	0.9620019849709344	0.9638468641238724	0.9629235408905448
1442	0.8821938554738209	0.7374562427071178	0.7500593401376692	0.7437044010355378
1444	0.835893552574643	0.857232902615821	0.8990249545529665	0.8776316850851013
1454	0.905830809173518	0.9155908639523337	0.9118781525071704	0.9137307368316733
1455	0.9049653829511034	0.654231119199272	0.5905544147843943	0.6207640837470322
1456	0.8970142795326699	0.6319404693760733	0.46680761099365753	0.5369649805447471
1458	0.9278991778450887	0.9494365138993238	0.9503647439272016	0.9499004021498102
1461	0.9032345305062743	0.8239195549850236	0.7994602449657463	0.8115056369191865
1463	0.8829511034184335	0.7577799165864614	0.6263590559533281	0.6858304297328688
1464	0.8780830809173518	0.8631625311995301	0.8164143868907097	0.8391378818155867
1465	0.9409887494591086	0.9671846765449946	0.9545584248822941	0.9608300721645783
1466	0.8841951536131545	0.7479784366576819	0.6970610399397137	0.7216226758548953
1467	0.8378407615750757	0.8743787489288775	0.8694614860259032	0.8719131846535078
1470	0.9263846819558632	0.9515927315530053	0.9484528523243877	0.9500201975689471
1473	0.9092925140631761	0.8572511848341232	0.8303341902313625	0.8435780244380189
1475	0.8731609692773691	0.7774495322501231	0.6866710154381387	0.7292460454912829
1476	0.8666161834703592	0.8541285694190462	0.8094920677243034	0.8312114989733059
1477	0.8942016443098226	0.7240328967407859	0.6936095710533995	0.7084947839046198
1488	0.9044785807009953	0.8875231520457989	0.8276024493641074	0.8565160870978226
1494	0.9586218087408048	0.9618775715845159	0.9735679075301716	0.9676874340021119
1496	0.9154045867589788	0.7316308243727598	0.6285604311008468	0.6761904761904762
1500	0.9008546083946344	0.7748003091986602	0.7581946545637922	0.7664075442844399
1506	0.9102661185633925	0.7092511013215859	0.6549556213017751	0.6810228802153432
1514	0.937256598874946	0.9563026474127557	0.9564465172258162	0.9563745769086123
1517	0.9017741237559498	0.8122985370691793	0.7557093425605537	0.7829827915869982
1519	0.8956079619212463	0.8080862533692722	0.711100569259962	0.7564976028261418
1522	0.8884681955863263	0.8019514220469172	0.7771072218869443	0.7893338782182264
1526	0.895121159671138	0.8004834102395078	0.7794180573384681	0.789810298102981
1530	0.9089138900908698	0.7030527289546716	0.5932864949258392	0.6435224386113464
1540	0.9066962353959325	0.9357470678225395	0.9191084397695968	0.9273531269740998
1544	0.9611099091302466	0.9640445644834571	0.9749893299189074	0.9694860586512754
1547	0.9098874945910861	0.7401247401247402	0.6309819213045019	0.6812093379257558
1548	0.9405019472090004	0.9502265804917911	0.9674759851751003	0.9587737051195562
1552	0.929521852012116	0.6907280647168638	0.5793319415448852	0.6301447629860915
1554	0.9083189095629598	0.7378681045209456	0.6259676284306827	0.6773272415762422
1559	0.8169623539593249	0.8542779291553133	0.7929185634800202	0.8224554039874082
1560	0.9310363479013414	0.6656751933372992	0.6108078602620087	0.637062339880444
1562	0.8893877109476417	0.7435607132748373	0.6975570897503983	0.7198246335114399
1563	0.8964733881436607	0.7179813401187447	0.5754588715159755	0.6388679245283018
1564	0.8780289917784508	0.8064401352072585	0.7952631578947369	0.8008126490592705
1565	0.8976633491994808	0.8212154696132596	0.7743279849968744	0.7970827970827971
1566	0.8994482907832108	0.7660590277777778	0.8188355369983763	0.7915685614979258
1569	0.9098874945910861	0.8459869848156182	0.8289855072463768	0.8373999609603747
1570	0.8975551709216789	0.7998655311519498	0.7809628008752735	0.7903011514614702
1572	0.8781371700562527	0.84692154153232	0.8145304193738925	0.8304102371095221
1573	0.9115642578970142	0.8703377621258204	0.8682529543276908	0.8692941082420658
1574	0.9648961488533102	0.8802742616033755	0.7981826877092301	0.8372209681464761
1576	0.9649502379922111	0.9723931623931624	0.9722269697487609	0.972310058969319
1577	0.8747295543054955	0.7937356760886173	0.7707715133531158	0.7820850583364698
1579	0.8977174383383817	0.7073984232868405	0.7158637618901503	0.711605917340247
1580	0.9379056685417568	0.9542464114832536	0.9596992481203007	0.9569650622282201
1584	0.9170272609260061	0.5879052369077307	0.5192731277533039	0.5514619883040937
1588	0.9567286888792731	0.9651724712547909	0.968076215945178	0.9666221628838452
1589	0.9103742968411943	0.8063995697768217	0.7619410569105691	0.7835401698236447
1590	0.9061012548680225	0.6644325290437891	0.6015372168284789	0.6314225053078557
1594	0.9618130679359584	0.9667525558972654	0.974365418446846	0.9705440587449933
1597	0.855419731717871	0.8214860515021459	0.8202758805410473	0.8208805200026804
1598	0.8822479446127217	0.8446158690176322	0.8184591914569032	0.8313318354381344
1600	0.9090220683686716	0.6836426413465688	0.6253454401894987	0.6531958762886598
1602	0.9620294244915621	0.9664220028684721	0.9741474615188367	0.9702693545654751
1603	0.8218844655993076	0.8290460260699043	0.7987330517892866	0.8136072904284825
1606	0.9488316745997404	0.966879057465737	0.9760315533980582	0.9714337480372026
1608	0.9589463435742103	0.9698077090402853	0.9643536944107978	0.9670730120168323
1609	0.8956079619212463	0.8063646170442287	0.7115659209900047	0.7560050568900126
1613	0.9077780181739507	0.7874446470435009	0.7727505112474438	0.7800283834343956
1615	0.9698182604932929	0.9010695187165776	0.8187560738581147	0.8579429735234216
1616	0.9026395499783644	0.8740669395617626	0.9059146493636137	0.8897058823529411
1618	0.8711055819991346	0.8167185877466251	0.7809035247393679	0.7984096100160731
1619	0.9587840761575076	0.9709376869817933	0.9641796112384348	0.9675468483816014
1621	0.8981501514495889	0.8030014292520248	0.7614637451999097	0.7816811594202899
1623	0.9200562527044569	0.9407068671523795	0.9445136186770428	0.9426063995029511
1624	0.9116183470359152	0.8507530807850296	0.7918436703483432	0.8202420242024202
1627	0.9639225443530939	0.9651005577150583	0.9782441113490364	0.9716278871921392
1628	0.8883059281696235	0.8264936056499332	0.7892818082391542	0.8074592074592075
1630	0.9016659454781479	0.8480951225430721	0.7456795391508427	0.7935967302452316
1631	0.9077239290350497	0.8573680063041765	0.8716551834641885	0.8644525663435563
1632	0.9610558199913457	0.9694453954125299	0.9689478186484175	0.9691965431676222
1637	0.8847360450021635	0.8459866902077957	0.8620260171602546	0.8539310439372129
1638	0.8518498485504111	0.8320757305528879	0.8001319261213721	0.8157912435268007
1639	0.9277909995672868	0.6515812431842967	0.6319407720782655	0.6416107382550336
1641	0.8970142795326699	0.5988095238095238	0.44991055456171736	0.5137895812053115
1642	0.9590004327131112	0.9604661199827363	0.9737463901286427	0.9670606640013907
1643	0.8627758546083947	0.8312680115273775	0.8085494043447793	0.8197513321492007
1644	0.9293595845954132	0.7615643397813289	0.7101960784313726	0.7349837662337662
1647	0.9069125919515362	0.8220402084884587	0.7673772011121409	0.7937687237866986
1650	0.9116724361748161	0.822855546241967	0.7467038539553753	0.7829323408214808
1652	0.892795326698399	0.812319140140554	0.7853717026378897	0.7986181670392197
1656	0.9270337516226742	0.7688356164383562	0.6894433781190019	0.7269783444646832
1657	0.9091302466464734	0.8594012781701984	0.8582465569365133	0.8588235294117648
1658	0.9570532237126785	0.9691342103000602	0.9628427436576408	0.9659782329248436
1661	0.8307009952401557	0.8578173719376392	0.8625817432589805	0.8601929605145613
1664	0.9420705322371268	0.964252263502966	0.952726150998689	0.9584545560339811
1665	0.8655884898312419	0.8378338928623559	0.8068597132414956	0.8220551378446115
1667	0.8699156209433145	0.6711082222944427	0.597165991902834	0.631981637337414
1669	0.8872782345305062	0.770245950809838	0.660833762223366	0.7113573407202216
1670	0.9275205538727823	0.8102955195424214	0.6434519303557911	0.7172995780590719
1675	0.899881003894418	0.8140358645118442	0.7843430034129693	0.7989136338946224
1679	0.8784076157507572	0.8423615337796714	0.8203912270302312	0.8312312312312312
1680	0.8775421895283427	0.8100697134004647	0.8343705122067975	0.8220405596604308
1681	0.8993942016443098	0.7909632571996028	0.7578496669838249	0.7740524781341107
1683	0.9299545651233232	0.7397086763774541	0.5692007797270955	0.6433489396860369
1684	0.9447209000432714	0.9602387226786545	0.9605365172895023	0.9603875968992248
1688	0.9584595413241022	0.9626940410615924	0.9729251012145749	0.9677825320916185
1689	0.9051817395067071	0.8317338451695457	0.8018092105263158	0.8164974353606196
1690	0.86964517524881	0.8227602049832126	0.7679366650173182	0.7944036853779218
1692	0.9593249675465166	0.9649659863945578	0.9709103353867214	0.9679290344592288
1695	0.8857637386412809	0.7979859013091641	0.7813054624334451	0.789557592666401
1696	0.9006923409779316	0.8253500368459837	0.7491638795986622	0.7854137447405329
1701	0.9608394634357421	0.9680731728363103	0.9694115613928973	0.9687419048441414
1702	0.946127217654695	0.9591773379899108	0.9633642528646036	0.9612662362915143
1703	0.935471657291216	0.9590715117030907	0.9636198271941792	0.9613402897047864
1704	0.8332431847684985	0.8497626361351578	0.861388941309681	0.8555362916451901
1707	0.898745131977499	0.8745964096603384	0.8825752639124201	0.8785677218474313
1708	0.8375703158805712	0.8153679065978822	0.7852006798274285	0.8000000000000002
1712	0.9029640848117698	0.926254358041534	0.9370495322803251	0.9316206738832139
1713	0.837732583297274	0.8566156517963747	0.8245742346672239	0.8402896081771721
1716	0.8527152747728256	0.8182955154547079	0.7286032453070315	0.7708491121770595
1720	0.8532561661618348	0.8372500515357658	0.8774981095387274	0.8569017353235929
1721	0.8703483340545218	0.7567341825015661	0.7462932454695222	0.7514774494556765
1722	0.8441151016875811	0.81826857532379	0.794861607734075	0.8063952707241704
1723	0.8976092600605798	0.7058053251855085	0.5701692524682651	0.6307782328847279
1728	0.8671029857204673	0.791243993593166	0.7759162303664922	0.7835051546391751
1732	0.8799221116399827	0.9062324536777091	0.9148918940804923	0.9105415860735008
1733	0.8828970142795327	0.9183618603817546	0.8909754825247783	0.9044614094700145
1734	0.8909022068368672	0.914249684741488	0.9050378956754347	0.9096204687009903
1736	0.8819234097793163	0.7667655786350148	0.6490831449384576	0.7030336008706298
1779	0.9428818693206404	0.7981586402266289	0.5937829293993677	0.6809667673716011
1821	0.9302790999567286	0.709049255441008	0.6131748390292224	0.6576361221779549
1842	0.926546949372566	0.7541293062765455	0.6562628336755647	0.7018006148440931
1905	0.8034400692340978	0.772809332037217	0.7358191193970647	0.7538607423462476
1918	0.8717546516659455	0.6833109919571045	0.5884559884559885	0.6323461001705691
1924	0.9333621808740805	0.7259887005649718	0.5491452991452992	0.6253041362530415
2201	0.8731068801384682	0.9146174370808394	0.9160707836764175	0.915343533487298
2202	0.834108610990913	0.7329905741216796	0.7391980642931213	0.7360812322519578
2203	0.9124837732583297	0.6837916063675832	0.4444967074317968	0.5387685290763968
2245	0.8581782778018174	0.8751072961373391	0.848346161847306	0.861518960599979
2248	0.8895499783643445	0.8701525746980292	0.8171641791044776	0.8428263546798029
2250	0.925356988316746	0.8654995730145175	0.8438800999167361	0.8545531197301854
2251	0.9577563825183903	0.90020366598778	0.8759909399773499	0.8879322714880183
2252	0.9690610125486803	0.903852276345113	0.9131553554197491	0.9084800000000001
2253	0.9777152747728256	0.9155180080035571	0.9026742656729505	0.9090507726269316
2254	0.9630030289917785	0.8885202388852024	0.8849966953073364	0.8867549668874172
2258	0.9525097360450021	0.8737458193979933	0.8806179775280899	0.8771684387241186
2266	0.9308199913457378	0.857037037037037	0.8321745384799808	0.8444228196083202
2279	0.9590545218520121	0.882414151925078	0.8588791357191087	0.8704875962360992
2280	0.9766334919948074	0.9251121076233184	0.886168384879725	0.9052215884159719
2286	0.9110774556469061	0.8254764292878636	0.8416854162405399	0.8335021267976503
2305	0.9548896581566422	0.8767576509511993	0.7981927710843374	0.8356326369728025
2314	0.9841518823020338	0.9495533368365738	0.9016966067864272	0.925006398771436
2348	0.9352553007356122	0.8851255997742027	0.7987773815588385	0.8397375820056232
2351	0.9724145391605366	0.9287913779830639	0.881300219138057	0.9044227886056971
2370	0.8681847684984855	0.8437303087586642	0.7875312454050875	0.8146627119933074
2408	0.8899826914755518	0.7986707283301024	0.6881412550703889	0.7392976159958985
2461	0.9644093466032021	0.8887510339123242	0.846729708431836	0.867231638418079
2551	0.8816529640848118	0.8625740618828176	0.794813466787989	0.8273086029992106
2558	0.9389333621808741	0.8894891944990176	0.8421297372704022	0.8651618296906723
2573	0.8804089138900909	0.9151569016202913	0.9324324324324325	0.9237139012524583
2581	0.8697533535266119	0.6757377049180328	0.5922413793103448	0.631240428790199
2743	0.9169190826482042	0.7121212121212122	0.5254919499105546	0.604734945959856
3052	0.8805711813067936	0.6096551724137931	0.49385474860335193	0.5456790123456791
3058	0.8823020337516226	0.7717948717948718	0.6633202742409402	0.7134579931524887
3060	0.9319558632626569	0.7121896162528216	0.6278606965174129	0.6673717609730301
3097	0.8375162267416703	0.8636199747611322	0.8653359826589595	0.864477127131643
3468	0.956187797490264	0.8902571532053604	0.8290050590219225	0.8585399930143206
3470	0.8979878840328862	0.6623616236162362	0.6489515545914678	0.6555880204528853
3546	0.8979878840328862	0.6362790697674419	0.5533980582524272	0.5919515361315447
3549	0.9095088706187797	0.6153439153439153	0.5514461830251304	0.5816454113528382
4163	0.9660861099091302	0.9165202108963093	0.8267934998018233	0.8693477807876642
4164	0.9599740372133275	0.863061491495857	0.8228690228690229	0.8424861643252447
4166	0.9174058848983124	0.7763845350052246	0.7157996146435452	0.7448621553884711
4451	0.8347576806577239	0.8583113952613765	0.8550154537791514	0.8566602543048842
4452	0.9304413673734314	0.7980115122972266	0.6288659793814433	0.7034132841328412
4571	0.9271960190393769	0.7719072164948454	0.6879785604900459	0.7275303643724697
4577	0.8909562959757681	0.8822204344328238	0.8102556524309147	0.8447080573101218
4853	0.880300735612289	0.6201063315611407	0.4734317343173432	0.5369324126386273
4890	0.8830051925573345	0.7065217391304348	0.6627017841971113	0.6839105655414294
4929	0.828807875378624	0.864195314603716	0.8535460992907802	0.8588376968021052
5128	0.9024231934227607	0.9399304872450652	0.9416595493068787	0.9407942238267148
5199	0.9184335785374297	0.706959706959707	0.5876468029578077	0.6418052256532065
5232	0.9065880571181307	0.8832	0.7943874797625472	0.8364428449663793
5273	0.8663998269147555	0.7703442879499217	0.7523882307986244	0.7612603904890779
5303	0.924762007788836	0.7109670448406267	0.6058931860036832	0.6542381307481978
5306	0.9443963652098658	0.7661082474226805	0.6413160733549083	0.6981796829125073
5312	0.9127001298139333	0.762589928057554	0.6896551724137931	0.7242910830201571
5344	0.8991778450887062	0.7757992715499797	0.5940502014254726	0.6728676728676728
5359	0.8230203375162267	0.8091675572972331	0.8036325038329992	0.8063905325443788
5544	0.892146257031588	0.9151410387365444	0.9272350927473927	0.9211483707687441
5558	0.9324967546516659	0.8666311016271006	0.8128596447335502	0.8388845855925638
5559	0.9527801817395067	0.8913685592385954	0.8336402701043585	0.8615384615384616
5563	0.8953375162267416	0.7573415765069552	0.7475209763539283	0.7523992322456815
5564	0.9286564257897014	0.7468798751950078	0.7408123791102514	0.7438337541270149
5575	0.8624513197749892	0.8117942283563363	0.7520757223513783	0.7807947590724938
5586	0.9077780181739507	0.7402645113886848	0.6687686691005642	0.7027027027027027
5596	0.891551276503678	0.9140978216193999	0.8838549428713364	0.8987220285901905
5601	0.9517524881003895	0.8918480025982461	0.8308623298033283	0.8602756892230576
5605	0.9020986585893552	0.8232838589981447	0.7720748151370161	0.7968574635241302
5610	0.9123755949805279	0.919069296914517	0.8811833171677983	0.8997276553602378
5612	0.9687905668541756	0.9435754189944134	0.7801385681293302	0.8541087231352718
5613	0.9322263089571614	0.8329095532146749	0.7430330524951393	0.7854084603528
5616	0.9192990047598443	0.8883487533322879	0.8789759503491078	0.8836374980502262
5622	0.9492643877109477	0.8078453666856168	0.7031172686788718	0.7518518518518518
5623	0.9370402423193422	0.8903881700554529	0.8940237564959168	0.892202259677718
5626	0.9424491562094331	0.8840931134820562	0.861531190926276	0.8726663475347056
5631	0.9304413673734314	0.8374888691006234	0.8712366836498379	0.8540295119182747
5632	0.9693314582431848	0.8846978139734247	0.8738357324301439	0.8792332268370606
5633	0.9540242319342276	0.7976401179941003	0.7272727272727273	0.7608328643781653
5634	0.9254110774556469	0.8877511591962906	0.8520304097904692	0.8695240798561832
5635	0.9678710514928602	0.8877118644067796	0.9010752688172043	0.8943436499466383
5637	0.9339030722630896	0.7468553459119497	0.7667473769168685	0.7566706491437674
5641	0.9033967979229771	0.900595744680851	0.814877560449715	0.855595084087969
5642	0.9564041540458675	0.8990086741016109	0.8580721466587817	0.8780635400907715
5644	0.9164322803980961	0.7966321243523317	0.728457210541901	0.7610208816705337
5648	0.8793271311120727	0.8615165999224906	0.8519417475728155	0.8567024214785792
5650	0.9597576806577239	0.9311203319502075	0.8717948717948718	0.9004815409309791
5654	0.8941475551709217	0.8748923341946597	0.7470123184408899	0.8059109392046018
5655	0.9537537862397231	0.8163049232398094	0.7521951219512195	0.7829398324447829
5677	0.9194612721765469	0.8428571428571429	0.7753533349863625	0.8076972749580266
5685	0.9391497187364777	0.7968823807274446	0.7082283795130143	0.7499444320960214
5686	0.9416378191259195	0.8460606060606061	0.75	0.7951395481298651
5692	0.8579619212462137	0.8739854318418314	0.8558182188710006	0.8648064250411861
5693	0.888035482475119	0.8733375554148195	0.8128499852637784	0.8420088536101359
5694	0.946722198182605	0.8869325997248968	0.8488678251711427	0.8674828467644289
5699	0.9677628732150584	0.9124004550625711	0.8682785997834717	0.889792899408284
5710	0.9324967546516659	0.908370798544209	0.838040687339522	0.8717896034518183
5725	0.9658697533535266	0.9248452696728559	0.8194281237759499	0.868951194184839
5786	0.8868996105581999	0.8504051863857375	0.8179267342166796	0.8338498212157329
5788	0.9551601038511467	0.8335917312661498	0.7608490566037736	0.795561035758323
5830	0.9089679792297707	0.8267384687426832	0.7892266428252124	0.8075471698113208
5846	0.9293595845954132	0.807191011235955	0.6719042274597831	0.7333605553287057
5860	0.8463868455214193	0.8793133195307108	0.8761389032147154	0.8777232411952123
5861	0.8838165296408481	0.8478387003191181	0.8417338709677419	0.8447752565399623
5863	0.9322263089571614	0.8955036423009294	0.8098591549295775	0.8505308362161517
5875	0.9170272609260061	0.8878101402373247	0.844391244870041	0.8655565293602103
5904	0.9253028991778451	0.8098591549295775	0.762737413325294	0.7855922993324018
5936	0.9635439203807875	0.8743875278396437	0.8335456475583864	0.8534782608695654
5984	0.8899826914755518	0.8704121629647227	0.8859871841373473	0.8781306171360096
6141	0.8837083513630463	0.749232058084334	0.6818297331639136	0.7139435870143694
6235	0.9127001298139333	0.945327598030048	0.9536507137915854	0.9494709160353139
6599	0.8823561228905236	0.861130792121298	0.8356710671067107	0.8482099239304907
6717	0.9478039809606231	0.8224211022138483	0.7480719794344473	0.7834866502131478
6747	0.9439095629597577	0.8097667638483965	0.5887652358240594	0.6818042344277386
6806	0.9614344439636521	0.9173913043478261	0.7779598525194592	0.841941919751718
6821	0.8996105581999134	0.6342592592592593	0.4239610963748895	0.5082140964493906
6826	0.911726525313717	0.6392667060910704	0.5140275796481217	0.569847127042699
6829	0.899286023366508	0.7382234185733513	0.6693105552165954	0.7020799999999999
6830	0.9151882302033751	0.77021494370522	0.5735518292682927	0.6574923547400612
6836	0.9114019904803116	0.6629773104593248	0.5379434216434665	0.5939514129895885
6838	0.888630463003029	0.7886571719226857	0.7163317163317163	0.7507565670015737
6839	0.8940393768931199	0.6666666666666666	0.57319737800437	0.6164088505972195
6841	0.9034508870618779	0.6213369963369964	0.5861771058315335	0.6032451655923539
6843	0.8971765469493725	0.6109860423232778	0.5668337510442774	0.5880823401950163
6844	0.8960406750324534	0.645044319097502	0.6059803179409539	0.6249024199843872
6845	0.943098225876244	0.8335220838052095	0.6600896860986547	0.7367367367367368
6847	0.8516875811337083	0.6332912988650694	0.660963411424059	0.6468315301391037
6849	0.9065339679792298	0.7507172457762193	0.713420175704332	0.7315936626281454
6850	0.9275205538727823	0.852558542931483	0.7803651759724795	0.814865985078751
6851	0.9488857637386413	0.8987720874513327	0.8317627494456763	0.8639700590182813
6852	0.9386629164863696	0.7718737514982021	0.7743486973947896	0.7731092436974789
6853	0.8802466464733881	0.6668297455968689	0.47064917127071826	0.5518218623481782
6854	0.908156642146257	0.6445859872611465	0.47026022304832715	0.5437936593229447
6855	0.8955538727823453	0.611140867702196	0.4863597612958227	0.5416567766437218
6856	0.8680765902206837	0.71350274040857	0.6896219600288948	0.701359128198849
6857	0.8923085244482908	0.822634431012922	0.7758993512875958	0.798583712696004
6858	0.87975984422328	0.6696636696636696	0.6202961135101789	0.644035228182546
6859	0.8626135871916919	0.679320987654321	0.5945434900054025	0.6341112071449151
6860	0.8321614019904803	0.6643566643566644	0.6354396818382678	0.6495765104460757
6861	0.8553115534400693	0.6414473684210527	0.5516265912305516	0.5931558935361217
6862	0.8707269580268282	0.7053642914331465	0.6726902519725121	0.6886399166232413
6863	0.8884681955863263	0.754885723749586	0.6328797556234379	0.6885196374622357
6864	0.9084811769796625	0.8021594156875198	0.7026425591098748	0.7491103202846975
6866	0.9100497620077889	0.8048859934853421	0.699009900990099	0.7482210446631341
6867	0.9621376027693639	0.8620828307197427	0.8572570971611355	0.859663191659984
6868	0.8956620510601471	0.644960362400906	0.46661204424416225	0.5414784882338959
6869	0.8836001730852445	0.7867463876432487	0.7090255949708127	0.7458667926310818
6870	0.8846278667243618	0.7287128712871287	0.6869333333333333	0.7072065888812629
6871	0.933632626568585	0.8898411371237458	0.8587855557797055	0.874037573144441
6872	0.8523366508005192	0.830403735237572	0.80177671705118	0.8158391797085807
6873	0.8709974037213327	0.8461767774631093	0.8075391180654339	0.826406579809302
6874	0.8685633924707918	0.805229716520039	0.6686282467532467	0.7305986696230599
6875	0.8873323236694072	0.7756035578144854	0.7177798682972719	0.7455722486869428
6876	0.8714842059714409	0.8134474763688246	0.7742318791376677	0.7933553661506348
6877	0.8896581566421462	0.8196428571428571	0.7487765089722676	0.7826086956521738
6878	0.8671570748593682	0.8366244986115396	0.7951612903225806	0.8153661103593445
6879	0.87024015577672	0.8220645161290323	0.86199431741307	0.8415560398916848
6880	0.8500649069666811	0.8208835341365461	0.8104678826328311	0.8156424581005586
6881	0.8590977931631328	0.7289383869229388	0.7873496313542879	0.7570189348008581
6882	0.8812743401125054	0.8611111111111112	0.8480862817308957	0.8545490689815122
6883	0.9130246646473388	0.659171597633136	0.5191053122087604	0.580813347236705
6884	0.8731609692773691	0.7167990919409761	0.6522075910147173	0.6829795863187778
6885	0.8916594547814799	0.8312475557293704	0.7885364496382861	0.8093288910042837
6886	0.8719710082215492	0.7867059318468658	0.734341252699784	0.7596222199654717
6887	0.8591518823020338	0.8502817279313121	0.8098645540506005	0.8295811518324606
6888	0.8647771527477283	0.7761849710982659	0.6866434853753324	0.7286737573258085
6889	0.9257897014279532	0.8594360979625437	0.8583761562178829	0.8589058000822707
6890	0.8579078321073128	0.8725215405377349	0.8573031415748674	0.864845397952359
6891	0.8320532237126785	0.7869948343968398	0.7525788173761441	0.7694021537318975
6892	0.882085677196019	0.842261503170962	0.8606094030056528	0.8513366066557555
6893	0.8715923842492428	0.8558490566037736	0.8471115537848606	0.8514578901263922
6894	0.9121592384249243	0.7436480849450132	0.6741148160880027	0.7071763433104941
6895	0.9102120294244915	0.6009852216748769	0.38405036726128017	0.4686299615877081
6896	0.8248052790999567	0.8215940135408005	0.7992835682921192	0.8102852457095999
6897	0.8808416270012981	0.741106206180213	0.7029556650246306	0.721526987738592
6898	0.9317935958459541	0.9060208413739869	0.8584750411409764	0.8816073608111914
6899	0.8905235828645608	0.7506339814032121	0.7004996055745464	0.7247007616974974
6900	0.8517416702726093	0.8073506891271056	0.7804589193190229	0.7936770794128716
6901	0.8603418433578538	0.8128112894299945	0.8269988738738738	0.8198437063912922
6902	0.8809498052790999	0.8075197607348857	0.7440944881889764	0.7745108083188197
6903	0.8828970142795327	0.5963386727688788	0.5038669760247486	0.5462167260532383
6904	0.899231934227607	0.8629237288135593	0.7700888636793345	0.8138675192326905
6905	0.8809498052790999	0.8259931691533345	0.7884351407000686	0.8067772803090159
6906	0.8929575941151017	0.8173525668222317	0.7750955542144438	0.7956633970056789
6907	0.8290783210731285	0.7626731400828216	0.7809621289662231	0.7717092905649472
6908	0.8229662483773258	0.7408748114630468	0.7595484768826349	0.750095441704207
6909	0.8924167027260926	0.8580069559957659	0.8438429506246282	0.8508660118467423
6910	0.856663781912592	0.8714229196887775	0.7977785826391404	0.8329761754695575
6911	0.8582323669407182	0.8645147811553328	0.8620833333333333	0.863297345225056
6912	0.8542297706620511	0.8301315988504009	0.7773371104815864	0.8028673835125448
6913	0.8442232799653829	0.8431469569520039	0.8680590932246561	0.8554216867469879
6914	0.7712029424491562	0.7433042007330138	0.6864097891174173	0.7137249593936112
6915	0.858448723496322	0.7574706510138741	0.6243677149769079	0.6845087402049428
6916	0.8272392903504976	0.8512012399896668	0.7634383688600556	0.8049346524978624
6917	0.8268065772392903	0.8462629127000203	0.8322709163346613	0.839208596966958
6918	0.834108610990913	0.8514698716907585	0.8943956325172737	0.8724050422265673
6919	0.832377758546084	0.8785046728971962	0.8393606572015359	0.8584866888899036
6920	0.912916486369537	0.9128440366972477	0.9075639599555061	0.9101963409192324
6921	0.8428169623539593	0.8732882102943491	0.89541639767592	0.88421388158419
6922	0.8984205971440935	0.887599266951741	0.8834975069925818	0.8855436372501218
6923	0.8560147122457811	0.88546875	0.9045490822027135	0.8949072246348203
6924	0.8747295543054955	0.9137658771026433	0.92623007864152	0.9199557613879864
6925	0.9401233232366941	0.9459318679029065	0.9391808026479106	0.9425442466393315
6926	0.9541324102120294	0.9700441970862662	0.9609210312956057	0.9654610622352559
6927	0.9386088273474686	0.952493360873414	0.9633664105051108	0.9578990318631997
6928	0.9180549545651233	0.947513981931043	0.9588879213832566	0.9531670221645182
6929	0.9527260926006058	0.9596105775555848	0.982489224137931	0.9709151414309485
6937	0.884465599307659	0.9155341125305789	0.9378393428929417	0.9265525067051785
6939	0.8735395932496755	0.9125472572936729	0.9200287666307084	0.9162727402950867
6941	0.8698074426655128	0.7036160865157147	0.5764119601328903	0.633693501750114
6942	0.952022933794894	0.9553333333333334	0.9702920016927634	0.9627545664497166
6943	0.805116832540026	0.7761375947995667	0.746126806405416	0.7608363757052772
6946	0.817557334487235	0.8535373768127554	0.8733398917855386	0.863325094209652
6947	0.9546192124621377	0.9577533577533578	0.9735230845606487	0.9655738377579911
6948	0.9284400692340978	0.7110995850622407	0.6415535797847449	0.674538745387454
6949	0.8825183903072263	0.7522246941045606	0.678625188158555	0.7135320495911368
6954	0.8609368238857638	0.6367041198501873	0.6278409090909091	0.6322414532970964
6959	0.9029640848117698	0.7099327265532251	0.6283712784588441	0.6666666666666665
6960	0.9219493725659887	0.8055954088952654	0.7136955830950111	0.756866048862679
6964	0.8827888360017309	0.6332007952286283	0.47132815390307065	0.5404029692470838
6965	0.8426006057983557	0.8798807977382135	0.8958997899323116	0.8878180416345413
6966	0.8433037646040675	0.8619043246717473	0.8707792207792208	0.8663190438835309
6968	0.9612180874080485	0.8700823421774931	0.8145610278372591	0.8414067684140678
6984	0.9658156642146257	0.8988814317673378	0.8318840579710145	0.8640860215053763
7013	0.9411510168758114	0.8687448728465955	0.7338877338877339	0.7956423741547708
7024	0.851254868022501	0.7736111111111111	0.7078794480755265	0.7392870686386046
7029	0.832377758546084	0.8703977889645642	0.8315729913240286	0.8505425608873884
7035	0.9156750324534834	0.6637063351095323	0.5307765151515151	0.5898447776900816
7044	0.937797490263955	0.8406751749691231	0.7279857397504457	0.7802827665265571
7071	0.894580268282129	0.8479641389615241	0.8	0.8232840692719195
7098	0.8717005625270445	0.7336989640463132	0.6164874551971327	0.6700055648302727
7105	0.8850064906966681	0.8256370952289711	0.7799095022624435	0.8021221146686525
7143	0.9454240588489832	0.9623064841821853	0.9622345198923123	0.9622705006917699
7153	0.9009086975335353	0.768341163715215	0.6409406089840217	0.6988823142669297
7154	0.9438013846819558	0.8540120183810533	0.7942143326758712	0.8230284448986543
7162	0.8207485936823886	0.8671366594360087	0.8387830040216822	0.8527242022931295
7166	0.9594331458243185	0.8724263221639079	0.8327552986512524	0.8521293375394322
7216	0.8568801384681956	0.7623583934088568	0.6321520068317678	0.6911764705882353
7229	0.8938230203375163	0.6544750430292599	0.567325624766878	0.6077922077922078
7240	0.9293054954565123	0.6895284751990202	0.5846313603322949	0.6327620118010676
7246	0.9261683254002596	0.6519453207150369	0.638188368502316	0.6449934980494149
7254	0.857853742968412	0.5805647840531561	0.4635278514588859	0.5154867256637168
7269	0.8759736045002163	0.5563651950278611	0.5078247261345853	0.5309879320924524
7279	0.9181090437040242	0.7601769911504425	0.6386617100371748	0.6941414141414142
7287	0.9092925140631761	0.79314667781028	0.6162337662337662	0.6935866983372923
7292	0.9333621808740805	0.8718020804048355	0.7998452411658499	0.8342749529190208
7321	0.9618671570748594	0.8917748917748918	0.794344473007712	0.8402447314751869
7356	0.8305387278234531	0.8328546279996294	0.8711959682108936	0.851593955757662
7400	0.9292514063176114	0.8146402764687402	0.7831470854726669	0.7985833076686172
7414	0.8772717438338382	0.6819299323909035	0.6426295974514915	0.6616967347547339
7430	0.9244374729554306	0.8261387317654064	0.7734113712374582	0.7989060025910465
7439	0.9351471224578105	0.8722689075630252	0.8073632356753954	0.8385620035007405
7470	0.8798680225010818	0.583130180399805	0.46682279469164717	0.5185345761977022
7476	0.9340653396797923	0.7225161669606114	0.6219635627530364	0.6684797389175958
7496	0.8583405452185201	0.8152111872146118	0.811851641324428	0.8135279458882164
7506	0.9472090004327132	0.8116666666666666	0.6963775023832222	0.749615187275526
7514	0.9286023366508005	0.7301115241635687	0.5064466219700877	0.5980511571254568
7517	0.8399502379922111	0.8698962454280809	0.9055167055167055	0.8873491453154148
7524	0.8268065772392903	0.6694915254237288	0.6126669538991814	0.6398200224971878
7525	0.8715923842492428	0.643818065342729	0.6143031784841075	0.6287144197685329
7533	0.887440501947209	0.6735383575532274	0.6412483912483913	0.6569968683039393
7539	0.9031804413673734	0.7727410093683892	0.7112656467315717	0.7407300115874854
7553	0.9293595845954132	0.8884004884004884	0.810786717182973	0.847821020741086
7558	0.921192124621376	0.8087291399229781	0.6517241379310345	0.7217872827954935
7559	0.928277801817395	0.919357815095036	0.956605222734255	0.9376117436717795
7565	0.9408805711813067	0.8859550561797753	0.821140328039573	0.8523172544250777
7619	0.9785807009952402	0.9361154044307058	0.8697941598851124	0.9017369727047145
7635	0.8479013414106448	0.551948051948052	0.5182926829268293	0.5345911949685535
7649	0.908210731285158	0.8241615109084989	0.6862798264642083	0.748927356117769
7671	0.899881003894418	0.7422065600433722	0.7526113249037933	0.7473727309949502
7736	0.8411942881869321	0.8794718909710392	0.8207472178060413	0.849095394736842
7756	0.9485612289052359	0.8633615477629988	0.7777777777777778	0.8183381088825216
7764	0.9467762873215059	0.8917822117010483	0.7988488336867616	0.8427612655800576
7771	0.928872782345305	0.7295482295482295	0.5781325592646347	0.6450742240215923
7781	0.9268173950670705	0.7272727272727273	0.6305418719211823	0.6754617414248022
7787	0.870889225443531	0.8504353233830846	0.7933284989122552	0.8208899227132889
7790	0.8756490696668109	0.7877005347593583	0.6618737362390474	0.7193260896105482
7811	0.8616399826914756	0.6614669764354464	0.5644293401302747	0.6091075794621026
7835	0.9179467762873215	0.8597339782345829	0.7914069456812111	0.8241567172829489
7859	0.8767308524448291	0.6797988264878457	0.5170545106789927	0.5873619409741083
7869	0.962732583297274	0.8640438247011952	0.8066015806601581	0.8343351767251743
7906	0.931847684984855	0.8028904054596547	0.7222824124232575	0.7604562737642585
7957	0.8764604067503245	0.9229157938835358	0.9180441728017781	0.9204735376044568
7977	0.944883167459974	0.9565147625160462	0.9615291555770626	0.9590154044162008
8003	0.8533102553007356	0.8187919463087249	0.7989410617249547	0.8087447108603667
