12	0.811012548680225	0.10526315789473684	0.0005748778384593274	0.0011435105774728416
17	0.5095737775854609	0.46320470520728735	0.37748421790974984	0.4159742351046699
25	0.8906317611423626	0.0	0.0	0.0
26	0.87916486369537	0.125	0.0004488330341113106	0.000894454382826476
55	0.8833297273907399	0.2	0.00046425255338904364	0.0009263547938860583
66	0.8866291648636954	0.0	0.0	0.0
70	0.7018606663781912	0.2596078431372549	0.06756480914472342	0.10722384191771947
75	0.8162591951536131	0.0	0.0	0.0
76	0.5743184768498486	0.3852382435378387	0.17341931865975047	0.2391724671307038
77	0.8672652531371701	0.0	0.0	0.0
84	0.5905452185201212	0.6323130569546688	0.8392183750428522	0.7212197098033439
85	0.8788944180008654	0.2	0.0004472271914132379	0.0008924587237840251
86	0.5514928602336651	0.5831248732337232	0.8022509533996838	0.6753582334977685
87	0.8645607961921247	0.0	0.0	0.0
95	0.5781588057118131	0.6179642293529721	0.8253271274260121	0.7067493889828915
105	0.8840869753353526	0.0	0.0	0.0
106	0.7735287754218952	0.2127659574468085	0.002403846153846154	0.004753981459472308
107	0.8571505841627002	0.1506849315068493	0.0042471042471042475	0.008261359369132557
108	0.7349091302466465	0.22058823529411764	0.033178500331785	0.05768121515093251
119	0.8446019039376893	0.21428571428571427	0.0010471204188481676	0.002084056964223689
127	0.8628299437472955	0.06666666666666667	0.00039635354736424893	0.0007880220646178094
128	0.5797814798788403	0.38305322128851543	0.1540628080552035	0.21974490308325803
131	0.8501730852444829	0.0	0.0	0.0
138	0.7674167027260926	0.1	0.00023299161230195712	0.00046490004649000463
148	0.5802141929900476	0.6243899221738557	0.8208618746206537	0.7092713991384154
158	0.5146040675032454	0.5202200137508595	0.86508678931504	0.6497267759562841
161	0.5598225876244051	0.6017174401962789	0.7937606760765981	0.6845247325166693
165	0.8745672868887927	0.2	0.0004317789291882556	0.0008616975441619991
173	0.8946343574210298	0.1111111111111111	0.0005151983513652757	0.0010256410256410256
197	0.8031155344006924	0.22727272727272727	0.0013781697905181918	0.0027397260273972603
202	0.7421570748593682	0.25650557620817843	0.014883520276100086	0.028134556574923548
205	0.747674167027261	0.2405857740585774	0.02603577088521621	0.04698672114402451
208	0.838868455214193	0.14285714285714285	0.0003362474781439139	0.0006709158000670915
213	0.5871916919082648	0.6462414424184911	0.7980246086883737	0.7141573033707865
222	0.507085677196019	0.49208418699944123	0.292645104120514	0.36702090713343055
223	0.8648853310255301	0.25	0.00040064102564102563	0.0007999999999999999
224	0.8137170056252705	0.125	0.00029086678301337986	0.0005803830528148578
234	0.8537970575508438	0.15789473684210525	0.0011152416356877324	0.0022148394241417496
238	0.615534400692341	0.6595395774203722	0.8594559053176626	0.7463421597316395
253	0.5903829511034184	0.6328859495558581	0.8362748457847841	0.7205019376268684
271	0.5109800951968845	0.5251768964949811	0.6612452087433959	0.58540835511533
300	0.5889225443530939	0.6513642564802182	0.7932380794151852	0.7153344819836691
301	0.8444937256598875	0.15384615384615385	0.0006978367062107466	0.0013893713094824591
304	0.8676979662483774	0.0	0.0	0.0
311	0.5022176546949373	0.5173012048192771	0.561284250156871	0.5383959472337865
312	0.8006815231501514	0.20118343195266272	0.009486607142857142	0.018118838262723154
326	0.6085028126352229	0.3630168105406633	0.12042200452147701	0.18085106382978725
334	0.8401125054089139	0.0	0.0	0.0
335	0.8525530073561229	0.25	0.0003671071953010279	0.0007331378299120235
349	0.7914322803980961	0.18	0.0023535564853556486	0.004646360351058337
351	0.8241021202942449	0.21428571428571427	0.0009247842170160296	0.0018416206261510127
358	0.8934443963652099	0.0	0.0	0.0
391	0.5001622674167028	0.4914063241857373	0.5711920529801324	0.5283038129753458
392	0.6591843357853743	0.30934873949579833	0.10565022421524664	0.1575076881936088
396	0.8416810904370402	0.14285714285714285	0.0006856359273225917	0.001364721937905152
409	0.8051709216789269	0.0	0.0	0.0
413	0.8999891821722198	0.0	0.0	0.0
414	0.6809822587624405	0.29020664869721474	0.059473393481863375	0.0987163814180929
418	0.7975443530938987	0.18666666666666668	0.007673335160317895	0.014740721242432218
434	0.7633600173085244	0.38461538461538464	0.0022888532845044634	0.004550625711035268
448	0.8859260060579836	0.0	0.0	0.0
454	0.7940826482042406	0.18617021276595744	0.009487666034155597	0.018055197317513542
456	0.8683470359151882	0.0	0.0	0.0
474	0.8159346603202077	0.12	0.0017830609212481426	0.003513909224011713
485	0.8693747295543055	0.034482758620689655	0.0004187604690117253	0.0008274720728175425
491	0.7919731717871051	0.2	0.00026021337496747333	0.0005197505197505197
492	0.7586001730852445	0.2478386167146974	0.02005597014925373	0.03710895361380798
496	0.885655560363479	0.0	0.0	0.0
497	0.8072803980960623	0.2857142857142857	0.001124543154343548	0.002240268832259871
498	0.5176871484205972	0.45462377943710514	0.18404836646901523	0.26202102126955223
499	0.8553115534400693	0.0	0.0	0.0
504	0.8587732583297274	0.0	0.0	0.0
510	0.8711055819991346	0.5	0.000419639110365086	0.0008385744234800838
511	0.7593574210298571	0.233201581027668	0.028236420196219192	0.05037353255069371
512	0.8514171354392038	0.0	0.0	0.0
530	0.8826265685850281	0.0	0.0	0.0
534	0.6992643877109477	0.2704119850187266	0.07297351930462907	0.11493155046163642
542	0.7716897446992644	0.772136826152847	0.9992295300133082	0.8711263090403932
543	0.6047706620510601	0.34263511126810314	0.1511845386533666	0.20979777225045962
547	0.8678061445261791	0.3333333333333333	0.000819000819000819	0.0016339869281045754
549	0.667622241453916	0.29882677708764666	0.07784969435454872	0.12352018257024674
558	0.8871700562527045	0.0	0.0	0.0
574	0.625540891389009	0.6637773165669637	0.8848563756204736	0.7585365002964667
581	0.8363803548247511	0.25	0.002324809033543673	0.004606778545574203
585	0.8780289917784508	0.0	0.0	0.0
588	0.7692557334487234	0.1643835616438356	0.0028456248517903723	0.005594405594405594
596	0.8814366075292082	0.125	0.0004574565416285453	0.000911577028258888
597	0.891551276503678	0.0	0.0	0.0
599	0.8371916919082648	0.0	0.0	0.0
601	0.7948398961488533	0.19436619718309858	0.01929530201342282	0.03510557110150089
610	0.9009627866724361	0.0	0.0	0.0
613	0.7443747295543055	0.23123123123123124	0.016934242357598415	0.031557377049180324
618	0.8728905235828646	0.0	0.0	0.0
620	0.8532561661618348	0.23076923076923078	0.002223045572434235	0.004403669724770642
621	0.6147230636088273	0.32763532763532766	0.14947197400487408	0.2052884078991409
625	0.5149286023366508	0.4547795788516891	0.3586190419304743	0.4010152284263959
643	0.781425789701428	0.0	0.0	0.0
644	0.5140631761142362	0.4633193024654239	0.362758945386064	0.4069184050699763
646	0.641551276503678	0.32821118991331755	0.14474370112945265	0.20089231882310382
648	0.8207485936823886	0.225	0.0027339003645200487	0.005402160864345739
699	0.895121159671138	0.0	0.0	0.0
701	0.8654803115534401	0.0	0.0	0.0
703	0.8634249242752056	0.1	0.0007971303308090873	0.0015816528272044289
706	0.7382085677196019	0.23249299719887956	0.037236428891879766	0.06419180201082753
711	0.8929575941151017	0.0	0.0	0.0
722	0.8795975768065772	0.0	0.0	0.0
727	0.6313284292514063	0.32537960954446854	0.12477125270337715	0.18037518037518038
736	0.7295002163565556	0.273224043715847	0.054513737461840385	0.09089256498818397
739	0.8005733448723497	0.2	0.0010884353741496598	0.002165087956698241
743	0.7072154911293812	0.2887139107611549	0.06693711967545639	0.10867775399308413
744	0.8304846386845521	0.06896551724137931	0.000643293663557414	0.001274697259400892
745	0.7615209865858935	0.2360248447204969	0.008788159111933395	0.0169453734671126
752	0.5073561228905236	0.4888795635753252	0.39054642976868925	0.4342154304882594
760	0.8149610558199913	0.25	0.0002924831822170225	0.0005842827928717499
764	0.8303764604067503	0.0	0.0	0.0
765	0.8670488965815665	0.0	0.0	0.0
769	0.7974902639549979	0.0	0.0	0.0
770	0.8272933794893985	0.13333333333333333	0.0006285355122564425	0.0012511729746637473
773	0.8811120726958027	0.0	0.0	0.0
779	0.8488749459108611	0.0	0.0	0.0
786	0.8000865426222414	0.0	0.0	0.0
799	0.5869212462137603	0.35717061795569377	0.13314981164879744	0.19398416886543537
824	0.9005841627001299	0.07142857142857142	0.000547645125958379	0.0010869565217391304
830	0.5917351795759411	0.3585055643879173	0.13194850789935636	0.1928999144568007
831	0.4998377325832973	0.516286307053942	0.5205522434891747	0.5184104994531534
838	0.8067395067070532	0.29411764705882354	0.0028097780275358245	0.005566379070414695
846	0.8863046300302899	0.0	0.0	0.0
850	0.8446559930765902	0.16666666666666666	0.0006983240223463687	0.0013908205841446453
863	0.866129381220251	0.0	0.0	0.0
880	0.8204240588489832	0.20212765957446807	0.011845386533665835	0.022379269729093047
885	0.8778126352228472	0.0	0.0	0.0
892	0.6119104283859801	0.35518157661647476	0.12298727189081429	0.18270873675817292
898	0.8580700995240156	0.0	0.0	0.0
912	0.7187905668541756	0.27044025157232704	0.03505196657835745	0.062060256178964456
929	0.663511466897447	0.6953235710911667	0.9173482900989328	0.7910522957041615
930	0.8950670705322371	1.0	0.0005151983513652757	0.0010298661174047373
931	0.7906209433145824	0.15384615384615385	0.0010381520892810796	0.0020623872131992783
932	0.8399502379922111	0.16666666666666666	0.00033840947546531303	0.0006754474839581223
943	0.7576265685850281	0.21782178217821782	0.004972875226039783	0.009723756906077349
945	0.8948507139766335	0.5	0.00051440329218107	0.0010277492291880781
946	0.8983665080051926	0.3076923076923077	0.0021344717182497333	0.0042395336512983575
948	0.8908481176979662	0.0	0.0	0.0
953	0.5378083080917352	0.4404358353510896	0.22587855457593445	0.29861282114421733
957	0.7797490263954998	0.2283464566929134	0.014743263853584139	0.027698185291308505
958	0.8292405884898313	0.1111111111111111	0.0006363347120585428	0.0012654223347042075
960	0.8990155776720035	0.0	0.0	0.0
965	0.8867914322803981	0.0	0.0	0.0
969	0.8587191691908265	0.0	0.0	0.0
980	0.888035482475119	0.0	0.0	0.0
983	0.8337840761575076	0.0	0.0	0.0
988	0.8768390307226309	0.0	0.0	0.0
992	0.8741345737775854	0.0	0.0	0.0
993	0.845954132410212	0.125	0.0003518648838845883	0.0007017543859649123
1004	0.7954889658156642	0.1	0.00026504108136761196	0.000528680941052075
1007	0.7434011250540892	0.21354166666666666	0.018125552608311227	0.033414832925835365
1014	0.7659022068368672	0.1981981981981982	0.02167487684729064	0.039076376554174064
1015	0.6009844223279965	0.3642147117296223	0.13683896026292203	0.19893582365077644
1017	0.8640739939420164	0.0	0.0	0.0
1036	0.5414322803980961	0.4451787323520577	0.18266978922716628	0.25904562139486104
1038	0.5140090869753353	0.5313335057322645	0.6346787479406919	0.5784263125791771
1039	0.7181414971873648	0.2691131498470948	0.017391304347826087	0.032671245591238164
1042	0.8680225010817828	0.8689554340174365	0.9987552125474575	0.929344993339897
1043	0.633870618779749	0.6756987152164647	0.8849282296650718	0.7662880226495874
1044	0.6776287321505842	0.2641802641802642	0.06351578554081823	0.10240963855421686
1047	0.8704024231934228	0.6	0.0012515644555694619	0.0024979184013322227
1057	0.8656425789701429	0.0	0.0	0.0
1061	0.8663457377758547	0.0	0.0	0.0
1167	0.7477282561661618	0.3142857142857143	0.004743423889607589	0.009345794392523364
1169	0.8826265685850281	0.26666666666666666	0.0018492834026814608	0.003673094582185491
1170	0.831133708351363	0.22580645161290322	0.0022544283413848632	0.004464285714285714
1202	0.681901774123756	0.7203149046998935	0.9132457786116323	0.8053873390913002
1203	0.6016334919948074	0.6404932678998364	0.8604513566055279	0.7343552750225427
1204	0.8414106447425357	0.4	0.000682360968952576	0.0013623978201634877
1205	0.8154478580700996	0.0	0.0	0.0
1209	0.5926006057983557	0.3661320172732881	0.17812124849939975	0.23965273571572782
1210	0.7409130246646474	0.2640845070422535	0.01610824742268041	0.030364372469635626
1216	0.8727823453050627	0.13333333333333333	0.0008543357539513029	0.001697792869269949
1279	0.6134249242752056	0.6579539769884942	0.862529715550455	0.746479372849491
1280	0.7873755949805279	0.0	0.0	0.0
1281	0.636250540891389	0.31419705197827774	0.1404543089994798	0.19412822049131215
1283	0.8965815664214626	0.2	0.0005238344683080147	0.0010449320794148381
1309	0.5056252704456945	0.5331977066765304	0.5849056603773585	0.5578560371517027
1310	0.831133708351363	0.8311786660896846	0.9999349254896857	0.9077804690730785
1311	0.87262007788836	0.0	0.0	0.0
1317	0.8674275205538727	0.0	0.0	0.0
1318	0.869699264387711	0.0	0.0	0.0
1323	0.7502163565556036	0.17777777777777778	0.0052968439638048995	0.010287183883411917
1332	0.8521743833838166	0.3333333333333333	0.00036603221083455345	0.0007312614259597808
1357	0.6722198182604933	0.7155550219127094	0.9001585982931802	0.7973108569135059
1359	0.7714192990047598	0.18125	0.007032007759456838	0.013538748832866482
1363	0.8519580268282129	0.0	0.0	0.0
1364	0.5968736477715275	0.38144329896907214	0.14033552151714077	0.20518289431587927
1365	0.5126027693639117	0.46155065799904865	0.3414262256626789	0.39250320231915325
1366	0.8718628299437473	0.0	0.0	0.0
1369	0.646960190393769	0.3083242059145674	0.09661918654539214	0.14713184372141644
1370	0.5155235828645608	0.47188360204482893	0.27678468458078653	0.3489132805117395
1375	0.5068152315015145	0.5216218915409967	0.5468537325934457	0.5339398895931302
1376	0.8237775854608395	0.8238285899794394	0.9998686629892304	0.9033521210323346
1377	0.8851146689744699	0.0	0.0	0.0
1379	0.6138035482475119	0.6532940512756221	0.8662621560967501	0.7448542024013722
1380	0.5004868022501082	0.510611282423363	0.5945717604815715	0.5494022932422542
1381	0.8896581566421462	0.0	0.0	0.0
1382	0.8304305495456512	0.11764705882352941	0.0006406149903907751	0.0012742911755336094
1389	0.6154262224145391	0.3543307086614173	0.141287284144427	0.20202020202020204
1390	0.5468411942881869	0.5557971440324382	0.9203074827284227	0.6930460907159083
1394	0.5922219818260493	0.6339676009256878	0.8424019817203383	0.7234713714558193
1395	0.5878407615750757	0.6296870959400052	0.8373452544704264	0.718819188191882
1398	0.7786672436174816	0.7790527740189446	0.9993057002013469	0.8755398746882415
1399	0.8792189528342709	0.0	0.0	0.0
1400	0.6932604932929468	0.2906091370558376	0.042875865942707356	0.07472670908794256
1401	0.7846711380354825	0.23809523809523808	0.0012594458438287153	0.002505637684790779
1404	0.5636629164863696	0.40973534971644615	0.11281717631750163	0.17692072237526785
1405	0.7210082215491129	0.2772727272727273	0.012055335968379446	0.023106060606060606
1406	0.7469169190826482	0.19883040935672514	0.02334096109839817	0.04177759574032357
1408	0.6017416702726093	0.6530425698615827	0.8299726163803833	0.7309533379617789
1411	0.8372457810471657	0.0	0.0	0.0
1414	0.5427304197317179	0.43375031912177686	0.21411468178954002	0.2867026662166723
1415	0.8236153180441368	0.2857142857142857	0.0006138735420503376	0.0012251148545176108
1416	0.8332972739073994	0.14285714285714285	0.00032499187520311994	0.000648508430609598
1417	0.720413241021203	0.2335907335907336	0.05241498808750271	0.08561825579338404
1420	0.8402206836867157	0.5	0.0006770480704129993	0.001352265043948614
1427	0.8546624837732584	0.05555555555555555	0.00037439161362785476	0.0007437709185570845
1429	0.5004868022501082	0.5191333708497468	0.5739914964222752	0.5451859147993106
1430	0.8656425789701429	0.0	0.0	0.0
1440	0.7608719169190826	0.76137102014295	0.9990053285968028	0.864148972129183
1442	0.768931198615318	0.3076923076923077	0.0028188865398167725	0.00558659217877095
1444	0.6150475984422328	0.646966305728631	0.8930360721442886	0.7503420212579366
1454	0.5311553440069234	0.5611397801211577	0.7282344948073377	0.6338599307256906
1455	0.8691583729987019	0.17647058823529413	0.0012458471760797341	0.002474226804123711
1456	0.8749459108610991	0.16666666666666666	0.0004332755632582322	0.000864304235090752
1458	0.6612938122025097	0.7113243525865781	0.8805299626894083	0.7869343314052399
1461	0.7160320207702293	0.2642706131078224	0.05203996669442131	0.08695652173913043
1463	0.792081350064907	0.1615720524017467	0.01002981837896449	0.018887187340479835
1464	0.5603093898745132	0.39083750894774516	0.22705849736623232	0.28724243752740025
1465	0.7356663781912592	0.7562200282087447	0.9594846098783106	0.8458116422148604
1466	0.7847252271743834	0.1724137931034483	0.0012623074981065387	0.002506265664160401
1467	0.584162700129814	0.6332269644994016	0.8143809849521204	0.712469145037026
1470	0.7080809173517958	0.7419467177433398	0.9307557885539537	0.825695184575138
1473	0.6561012548680225	0.2925055928411633	0.09312678062678063	0.14127498649378714
1475	0.7495672868887927	0.2508250825082508	0.016968073230631837	0.03178586365537432
1476	0.5636088273474686	0.39101123595505616	0.13946032594175795	0.2055927530523828
1477	0.8235071397663349	0.14285714285714285	0.0006148170919151552	0.001224364860728497
1488	0.5995781047165729	0.352326968973747	0.184157180726649	0.241884280593958
1494	0.6082864560796192	0.6395655642142726	0.8839793062505301	0.7421674736542295
1496	0.8561769796624837	0.1	0.0003772161448509996	0.000751597143930853
1500	0.7810471657291216	0.2857142857142857	0.0009896091044037606	0.0019723865877712037
1506	0.8589355257464301	0.0	0.0	0.0
1514	0.6866616183470359	0.7193883506478347	0.9260010517617009	0.8097224503202495
1517	0.7462678494158373	0.2336448598130841	0.03449068751437112	0.060108194750550986
1519	0.7689852877542189	0.4090909090909091	0.0021092102179517225	0.004196782466775472
1522	0.7204673301601039	0.2768	0.03538555941910411	0.0627493652520856
1526	0.7425897879705755	0.21818181818181817	0.005109644453906749	0.009985437903058041
1530	0.8585028126352229	0.3333333333333333	0.001148105625717566	0.0022883295194508014
1540	0.6112613587191692	0.6508393886244049	0.865616929101058	0.743018557585726
1544	0.5865967113803549	0.6245268735806208	0.8541109481494262	0.7214954633239806
1547	0.8521743833838166	0.05263157894736842	0.0003681885125184094	0.0007312614259597807
1548	0.6802250108178278	0.7123839551585216	0.925229392583605	0.8049745991950914
1552	0.8920380787537863	0.0	0.0	0.0
1554	0.850713976633492	0.6666666666666666	0.0007243752263672582	0.0014471780028943561
1559	0.5122782345305062	0.5343153665885504	0.6489783470570296	0.5860913472572872
1560	0.8975551709216789	0.5	0.0005279831045406547	0.0010548523206751056
1562	0.7982475118996105	0.2	0.00026831231553528306	0.0005359056806002144
1563	0.8403288619645175	0.16666666666666666	0.00033921302578018993	0.0006770480704129993
1564	0.6567503245348334	0.31450203843913804	0.09458749343142407	0.1454349582547805
1565	0.735774556469061	0.21975806451612903	0.023659648361189493	0.04271996864589457
1566	0.7601146689744699	0.26157407407407407	0.026720264838023172	0.04848744904526926
1569	0.6821722198182605	0.28369322412509307	0.07195467422096317	0.11479361253389575
1570	0.7445369969710082	0.2627906976744186	0.025005532197388804	0.045665791068902804
1572	0.6015794028559065	0.3594852635948526	0.12946628793541637	0.19037151022202684
1573	0.6151016875811337	0.33777322404371585	0.1603957184560493	0.21750604794369915
1574	0.8885763738641281	0.05263157894736842	0.0004894762604013706	0.0009699321047526674
1576	0.5950346170488966	0.6275348837209302	0.8723275862068965	0.7299549143372408
1577	0.6857421029857205	0.3000914913083257	0.06104597059370929	0.10145375811939374
1579	0.8202077022933795	0.23809523809523808	0.001509206157561123	0.002999400119976005
1580	0.6860666378191259	0.7217136150234742	0.9205089820359281	0.8090789473684211
1584	0.8984205971440935	0.0	0.0	0.0
1588	0.6069883167459974	0.6514589198873816	0.8484166666666667	0.7370059360069494
1589	0.7831025530073561	0.15625	0.005099439061703213	0.009876543209876543
1590	0.865534400692341	0.1	0.0004035512510088781	0.0008038585209003215
1594	0.5938987451319775	0.6415570956668178	0.8338243959929287	0.725162896258877
1597	0.5765361315447858	0.3926189417518897	0.12020147018785733	0.18405419489317354
1598	0.6156425789701429	0.3544902093180284	0.07865168539325842	0.1287395782246199
1600	0.8573128515794028	0.0	0.0	0.0
1602	0.591843357853743	0.6301266775366863	0.8590971272229823	0.7270096230374068
1603	0.502325832972739	0.4805513852872936	0.3949080305069538	0.43354060210552237
1606	0.8912267416702726	0.8912749499648401	0.9999393130234252	0.9424853424853425
1608	0.5768606663781912	0.6292362849218697	0.7988663689453795	0.7039769932266242
1609	0.7746646473388143	0.0	0.0	0.0
1613	0.7803440069234098	0.20454545454545456	0.01382842509603073	0.02590549292396258
1615	0.8927412375594981	0.5	0.0005042864346949068	0.0010075566750629725
1616	0.5346711380354825	0.4214590530380004	0.2648786717752235	0.32530781899458866
1618	0.6326265685850281	0.32798900595510766	0.11852342327429234	0.17412451361867706
1619	0.5962245781047165	0.6318077376886294	0.8688300597779676	0.7316003307805702
1621	0.74107529208135	0.2832116788321168	0.04320712694877506	0.07497584541062802
1623	0.6541540458675897	0.6968816227671814	0.8923780724199426	0.7826057391540868
1624	0.7211704889658157	0.24466750313676286	0.041069924178601516	0.0703336339044184
1627	0.5824318476849849	0.6375084175084175	0.8020162656726534	0.7103624221505214
1628	0.683632626568585	0.2693050193050193	0.0519456339601564	0.08709224285937256
1630	0.7172219818260493	0.2538910505836576	0.055273189326556546	0.09078260869565218
1631	0.6199156209433145	0.33816675297773174	0.10199937519525148	0.156726269050762
1632	0.5903829511034184	0.6372925479986984	0.830393487109905	0.721140037559377
1637	0.5891929900475984	0.39771547248182765	0.1063741147062908	0.16785362112413715
1638	0.5561445261791432	0.4145917776491025	0.1880252100840336	0.2587172538392051
1639	0.8974469926438771	0.125	0.0005291005291005291	0.0010537407797681772
1641	0.8800843790566855	0.0	0.0	0.0
1642	0.5618238857637387	0.6172292545710267	0.7675557498906865	0.6842330929643345
1643	0.5674491562094331	0.38923395445134573	0.1815673289183223	0.24762442374635432
1644	0.8632085677196019	0.16666666666666666	0.00039603960396039607	0.0007902015013828526
1647	0.770175248810039	0.22388059701492538	0.0035612535612535613	0.0070109838747370885
1650	0.7900259627866725	0.23333333333333334	0.0018106570098292809	0.0035934291581108833
1652	0.6871484205971441	0.27773995915588834	0.07951666341843695	0.12363636363636363
1656	0.8606122890523583	0.0	0.0	0.0
1657	0.6284617048896581	0.3330423395896988	0.125	0.1817748659916617
1658	0.5877866724361748	0.6338934103439223	0.8253995385009828	0.7170805954634889
1661	0.5713976633491995	0.6048671149535703	0.8433788731136709	0.7044827329007235
1664	0.6539917784508871	0.7045958600295712	0.8771378173172789	0.7814560486488333
1665	0.5737234963219385	0.38246543100912034	0.1835639649816436	0.24806793244919376
1667	0.8147987884032886	0.17647058823529413	0.0008789920890711983	0.001749271137026239
1669	0.7847252271743834	0.192	0.006149116064565719	0.011916583912611719
1670	0.8593141497187364	0.0	0.0	0.0
1675	0.7491345737775854	0.3898305084745763	0.004972972972972973	0.00982066609735269
1679	0.5933037646040675	0.37286432160804023	0.16464497041420117	0.22842483324781937
1680	0.629110774556469	0.30857142857142855	0.08727978018425732	0.1360715635630591
1681	0.7769904803115535	0.20408163265306123	0.002442598925256473	0.004827419744146753
1683	0.8870618779749027	0.125	0.0004803073967339097	0.0009569377990430622
1684	0.6621051492860234	0.697426426784225	0.9092815533980583	0.7893867367924211
1688	0.6091518823020338	0.6454901473239262	0.8720920466952213	0.7418732585554049
1689	0.7277152747728256	0.3	0.011496571198063736	0.022144522144522144
1690	0.6180225010817828	0.32573954437266234	0.15868809011098228	0.21341055914457563
1692	0.5901125054089139	0.6356113014805715	0.8350462923638835	0.7218061674008811
1695	0.6807659022068369	0.24843858431644691	0.06915201854355804	0.10818978543366575
1696	0.7389658156642146	0.23076923076923078	0.029926845488805143	0.052982731554160126
1701	0.5922760709649503	0.6301927603537121	0.8516894506061388	0.7243875685557587
1702	0.6557226308957161	0.6955236486486487	0.8974079551646299	0.783672637052646
1703	0.8249134573777586	0.8310858765081618	0.9906937394247038	0.9038981088382864
1704	0.5369428818693206	0.5632911392405063	0.7942615871797333	0.6591280111487159
1707	0.5615534400692341	0.4111000332336324	0.16338660678906353	0.23383742911153116
1708	0.5525205538727823	0.41897523902917383	0.2245139253809774	0.2923616457103755
1712	0.6583189095629598	0.6989750044955944	0.9000463105896882	0.7868686527885557
1713	0.5090328861964517	0.5240548466354918	0.6827757125154895	0.5929778933680104
1716	0.5893011683254002	0.34921875	0.2083916083916084	0.26102189781021895
1720	0.5007572479446127	0.5119822870539202	0.41756957722540894	0.45998127779077924
1721	0.7243617481609693	0.25338253382533826	0.04387646432374867	0.074800290486565
1722	0.5576590220683687	0.402276295133438	0.13346354166666666	0.20043019163081735
1723	0.845359151882302	0.09090909090909091	0.0003508771929824561	0.0006990562740300593
1728	0.643931198615318	0.3064909712054661	0.1084628670120898	0.16022451843347366
1732	0.6366832540025963	0.6635441987312504	0.9148275298348864	0.7691831895811141
1733	0.5787537862397231	0.6332966125034426	0.7888507718696398	0.7025664527956004
1734	0.5596062310688014	0.6069568839825037	0.7789361133386795	0.6822758136267854
1736	0.7856988316745998	0.0	0.0	0.0
1779	0.899881003894418	0.0	0.0	0.0
1821	0.8935525746430116	0.0	0.0	0.0
1842	0.8700778883600173	0.0	0.0	0.0
1905	0.5565231501514496	0.3984153933220147	0.1882101323352493	0.25565138447571495
1918	0.8070099524015578	0.5	0.0008408071748878924	0.0016787912702853946
1924	0.8960947641713544	0.0	0.0	0.0
2201	0.7385331025530073	0.7507630834119541	0.9752721505298825	0.8484164314832235
2202	0.652260926006058	0.31857070961248113	0.11089698668535389	0.1645224171539961
2203	0.8869536996971008	0.0	0.0	0.0
2245	0.5059498052790999	0.5192273769624273	0.6151515151515151	0.5631337287162809
2248	0.6074210298572047	0.3547646383467279	0.14263732881981844	0.20346795434591747
2250	0.7245781047165729	0.20319634703196346	0.01841887417218543	0.03377609108159393
2251	0.8007897014279532	0.3	0.005745554035567715	0.011275167785234899
2252	0.8298355690177412	0.12871287128712872	0.004233148811462064	0.008196721311475409
2253	0.8739723063608827	0.0	0.0	0.0
2254	0.8371376027693639	0.0	0.0	0.0
2258	0.8090112505408914	0.21875	0.0019925989183034445	0.0039492242595204514
2266	0.7441583729987019	0.2298474945533769	0.04983467170524327	0.08190993788819877
2279	0.8380030289917785	0.2857142857142857	0.0006684491978609625	0.001333777925975325
2280	0.8716464733881436	0.1	0.00042283298097251583	0.0008421052631578947
2286	0.7326914755517092	0.37037037037037035	0.004058441558441558	0.008028904054596548
2305	0.8561228905235828	0.0	0.0	0.0
2314	0.8962029424491562	0.0	0.0	0.0
2348	0.7868347035915189	0.2857142857142857	0.0010165184243964421	0.0020258293238794634
2351	0.8502271743833838	0.0	0.0	0.0
2370	0.591789268714842	0.373018440634099	0.17051168293404317	0.23404039378869376
2408	0.768390307226309	0.35294117647058826	0.0028089887640449437	0.00557361820715281
2461	0.8659130246646474	0.0	0.0	0.0
2551	0.5952509736045002	0.36978193146417443	0.1785768015646156	0.24084407020391602
2558	0.7603851146689745	0.30386740331491713	0.012617572837806837	0.024229074889867842
2573	0.7757464301168325	0.776100016236402	0.9993727785908426	0.8736976786693474
2581	0.8095521419299004	0.20588235294117646	0.001999428734647244	0.0039603960396039604
2743	0.8770012981393336	0.0	0.0	0.0
3052	0.8563933362180874	0.5	0.0003766478342749529	0.0007527286413248024
3058	0.7773691042838597	0.27906976744186046	0.002928972418843056	0.005797101449275362
3060	0.8878191259195154	0.0	0.0	0.0
3097	0.5651233232366941	0.5915669444270409	0.8612606038493114	0.7013816669142772
3468	0.8378407615750757	0.0	0.0	0.0
3470	0.8504976200778883	0.6666666666666666	0.0007233273056057866	0.001445086705202312
3546	0.8645607961921247	0.42857142857142855	0.0011985617259288853	0.002390438247011952
3549	0.8802466464733881	0.0	0.0	0.0
4163	0.8652098658589356	0.12	0.001213101496158512	0.002401921537229784
4164	0.8677520553872783	0.0	0.0	0.0
4166	0.8221549112938122	0.175	0.0065420560747663555	0.012612612612612614
4451	0.5323453050627434	0.5775665399239543	0.7107430282612764	0.6372713542540694
4452	0.8669407183037646	0.0	0.0	0.0
4571	0.858989614885331	0.0	0.0	0.0
4577	0.5895175248810038	0.34753499695678636	0.17337179292545923	0.23133799250481107
4853	0.858989614885331	0.5	0.0003835826620636747	0.0007665772326561902
4890	0.8071181306793596	0.1935483870967742	0.0016915703411333521	0.003353828954723309
4929	0.5744807442665513	0.6111075564655448	0.8422398589065255	0.7082947087396639
5128	0.8237234963219385	0.8241948579161028	0.999278120488253	0.9033310592353098
5199	0.8720791864993509	0.0	0.0	0.0
5232	0.6791973171787106	0.28934967012252594	0.05598103574033552	0.09381207028265852
5273	0.6876893119861531	0.27136752136752135	0.04751215862326973	0.08086596625278573
5303	0.8785157940285591	0.0	0.0	0.0
5306	0.8983665080051926	0.0	0.0	0.0
5312	0.8390307226308957	0.2	0.0003363605785401951	0.0006715916722632639
5344	0.8243184768498486	0.19230769230769232	0.003109452736318408	0.006119951040391677
5359	0.5205538727823453	0.45723945902943514	0.27258714726108607	0.34155400386272466
5544	0.6440934660320208	0.6823275603763409	0.8990130280300039	0.7758244753338784
5558	0.7868887927304198	0.0	0.0	0.0
5559	0.818693206404154	0.2692307692307692	0.002095808383233533	0.0041592394533571
5563	0.7825616616183471	0.11764705882352941	0.0004991265285749938	0.0009940357852882705
5564	0.8590977931631328	0.0	0.0	0.0
5575	0.6378732150584163	0.32142857142857145	0.11014249790444258	0.16406542639530527
5586	0.8375703158805712	0.26666666666666666	0.0013351134846461949	0.0026569246097641976
5596	0.5150367806144526	0.5409809873781755	0.677742193755004	0.6016881386050644
5601	0.8201536131544785	0.13114754098360656	0.0024390243902439024	0.004788985333732415
5605	0.7264171354392038	0.23885714285714285	0.04542490762877635	0.07633308984660336
5610	0.5324534833405452	0.44312169312169314	0.20392013635256878	0.27930631982657994
5612	0.8786780614452618	0.0	0.0	0.0
5613	0.8271311120726959	0.07692307692307693	0.0003139717425431711	0.0006253908692933083
5616	0.6166702726092601	0.34951923076923075	0.11252128153536604	0.17023767708699217
5622	0.8953916053656426	0.0	0.0	0.0
5623	0.6773582864560797	0.28851873884592505	0.09231062047963456	0.1398702235039654
5626	0.7672003461704889	0.2857142857142857	0.0023315458148752623	0.004625346901017576
5631	0.7679035049762007	0.21794871794871795	0.004002825523899223	0.00786127167630058
5632	0.8663998269147555	0.0	0.0	0.0
5633	0.8939852877542189	0.0	0.0	0.0
5634	0.6602661185633925	0.2816748232735182	0.0945600584154801	0.14158808254749214
5635	0.8483881436607529	0.13333333333333333	0.001438331535418914	0.002845962290999644
5637	0.862559498052791	0.0	0.0	0.0
5641	0.6069342276070965	0.3629690048939641	0.13495072024260804	0.19675030396816626
5642	0.8200454348766768	0.2857142857142857	0.0006016847172081829	0.0012008405884118886
5644	0.8166378191259195	0.0	0.0	0.0
5648	0.5437040242319342	0.4428757602085143	0.2577749683944374	0.325875019977625
5650	0.7874837732583297	0.0	0.0	0.0
5654	0.6755192557334487	0.2869666861484512	0.09316888045540797	0.14066752614238648
5655	0.8899286023366508	0.0	0.0	0.0
5677	0.7764495889225443	0.26356589147286824	0.008349705304518664	0.016186622232801713
5685	0.8695369969710082	0.3333333333333333	0.0008298755186721991	0.0016556291390728477
5686	0.8491994807442665	0.1875	0.0010799136069114472	0.0021474588403722263
5692	0.5138468195586327	0.5236314898419865	0.7685856284945123	0.6228916673659478
5693	0.5903829511034184	0.35265385867795507	0.16241751649670066	0.22240476434952253
5694	0.7932713111207269	0.16326530612244897	0.004259850905218318	0.008303061754021795
5699	0.8470359151882302	0.1111111111111111	0.0003544842254519674	0.000706713780918728
5710	0.7201427953266984	0.23357664233576642	0.019374369323915237	0.035780842340663435
5725	0.8592600605798356	0.2	0.00038476337052712584	0.0007680491551459294
5786	0.5996321938554738	0.35065729134821155	0.1785214007782101	0.23659240924092406
5788	0.8872782345305062	0.0	0.0	0.0
5830	0.7619536996971008	0.16	0.0009124087591240876	0.0018144704014515759
5846	0.8480636088273474	0.6666666666666666	0.0007117437722419929	0.0014219694276573055
5860	0.5922219818260493	0.6328459229934231	0.8470940170940171	0.7244618252256861
5861	0.5742643877109477	0.3687133600740512	0.17022792022792022	0.2329207679563395
5863	0.7590869753353526	0.0	0.0	0.0
5875	0.6453916053656426	0.3193979933110368	0.09698713608666215	0.14879252142300703
5904	0.8217762873215059	0.08333333333333333	0.00030441400304414006	0.0006066120715802245
5936	0.872674167027261	0.0	0.0	0.0
5984	0.5213111207269581	0.44526864474739375	0.26746146435452794	0.3341859765272344
6141	0.7891605365642579	0.4444444444444444	0.0010264305876315114	0.002048131080389145
6235	0.8542297706620511	0.8559965300368684	0.9975358564478423	0.9213620845612909
6599	0.5761034184335785	0.3974208675263775	0.13908643326039388	0.2060581501367643
6717	0.8694829078321074	0.09090909090909091	0.0016827934371055953	0.003304419661296985
6747	0.898691042838598	0.25	0.0005344735435595938	0.0010666666666666665
6806	0.8694288186932064	0.0	0.0	0.0
6821	0.87618996105582	0.15625	0.0022055580061755625	0.004349717268377556
6826	0.8819774989182172	0.0	0.0	0.0
6829	0.8289701427953267	0.0	0.0	0.0
6830	0.8606663781912592	0.0	0.0	0.0
6836	0.8768390307226309	0.0	0.0	0.0
6838	0.7636845521419299	0.07692307692307693	0.0002294630564479119	0.00045756119881034085
6839	0.849524015577672	0.3	0.0010799136069114472	0.002152080344332855
6841	0.8731609692773691	0.0	0.0	0.0
6843	0.8761358719169191	0.0	0.0	0.0
6844	0.8475227174383384	0.1875	0.001067995728017088	0.0021238938053097347
6845	0.88570964950238	0.0	0.0	0.0
6847	0.797382085677196	0.0	0.0	0.0
6849	0.8182604932929468	0.22727272727272727	0.002997601918465228	0.005917159763313609
6850	0.7899177845088706	0.2	0.002072538860103627	0.004102564102564102
6851	0.8057118130679359	0.2032520325203252	0.007104290991759022	0.01372872048325096
6852	0.867319342276071	0.0	0.0	0.0
6853	0.8420597144093466	0.21875	0.002412129565816678	0.004771642808452625
6854	0.8792730419731718	0.0	0.0	0.0
6855	0.8731068801384682	0.0	0.0	0.0
6856	0.7788836001730852	0.5	0.0007338551859099804	0.0014655593551538837
6857	0.7211163998269148	0.29304029304029305	0.01586357326987904	0.03009781790820166
6858	0.819883167459974	0.4	0.0006007810153199159	0.001199760047990402
6859	0.7995456512332324	0.08333333333333333	0.00027056277056277056	0.0005393743257820928
6860	0.7460514928602336	0.22857142857142856	0.017758046614872364	0.032955715756951595
6861	0.8063608827347468	0.24817518248175183	0.00968385075477072	0.018640350877192985
6862	0.7864019904803116	0.21428571428571427	0.0007612281146917026	0.0015170670037926676
6863	0.8038186932064042	0.13953488372093023	0.0016685205784204673	0.0032976092333058538
6864	0.8056036347901342	0.2222222222222222	0.0005572582892170521	0.0011117287381878823
6866	0.8044136737343142	0.28	0.001941747572815534	0.0038567493112947656
6867	0.8622349632193855	0.0	0.0	0.0
6868	0.8665620943314583	0.2	0.00040584415584415587	0.0008100445524503848
6869	0.7320964950237993	0.24617196702002356	0.046218487394957986	0.07782535840625582
6870	0.7941908264820424	0.0	0.0	0.0
6871	0.7060255300735613	0.2673469387755102	0.05262100823458526	0.08793421715052861
6872	0.559227607096495	0.3924611973392461	0.1920520819205208	0.25790000910663874
6873	0.5785374296841195	0.37145940113299164	0.2013452259102208	0.26114166508628867
6874	0.7279316313284292	0.2	0.01344364012409514	0.025193798449612406
6875	0.7659022068368672	0.45454545454545453	0.0011555350127108851	0.002305209774089442
6876	0.6418758113370835	0.30071599045346065	0.10888351192533702	0.15987818804720214
6877	0.713868455214193	0.2693877551020408	0.03999192082407595	0.06964474147027788
6878	0.581133708351363	0.37682333873581847	0.20418618266978922	0.2648566546421112
6879	0.5577131112072696	0.41882750845546785	0.19550059202736483	0.2665709929141627
6880	0.5488965815664215	0.39930122285999503	0.21239877870702242	0.2772963604852686
6881	0.680116832540026	0.2923728813559322	0.07773188133683816	0.12281222189261347
6882	0.5451103418433578	0.4168956043956044	0.23698594482040602	0.3021905077995354
6883	0.8833297273907399	0.0	0.0	0.0
6884	0.7878083080917352	0.20833333333333334	0.0012790995139421847	0.0025425883549453345
6885	0.6677845088706188	0.2813299232736573	0.10402874976357103	0.151891742612538
6886	0.7083513630463003	0.24924012158054712	0.03239826155669696	0.05734265734265734
6887	0.5457594115101687	0.408886220354248	0.17481709664998074	0.24491997842114727
6888	0.6957485936823886	0.26784343821949347	0.06952191235059761	0.11039063735568558
6889	0.7139225443530939	0.25586854460093894	0.04473630207264519	0.07615720524017468
6890	0.5067611423626136	0.5311500823563609	0.5615652530219217	0.5459343723547279
6891	0.591789268714842	0.3608837970540098	0.12844036697247707	0.18945333476533133
6892	0.5747511899610558	0.403960396039604	0.19880272866490326	0.2664676245568203
6893	0.5197425356988317	0.4282921627865648	0.2985629335976214	0.35185050003649904
6894	0.8428710514928602	0.0	0.0	0.0
6895	0.8891172652531372	0.0	0.0	0.0
6896	0.5046516659454782	0.4671881790525858	0.3704767375071798	0.41324961558175294
6897	0.7798572046733016	0.2222222222222222	0.0019753086419753087	0.003915810083210965
6898	0.6672977066205106	0.2837150127226463	0.08152074575031987	0.12665057503904587
6899	0.7963003028991779	0.2391304347826087	0.002939604489577766	0.005807814149947202
6900	0.5911942881869321	0.35377906976744183	0.18574481074481075	0.24359487590072054
6901	0.5773474686282994	0.38508715300193674	0.16798085046465785	0.23392156862745098
6902	0.7177087840761575	0.25	0.022004400880176037	0.04044861187718331
6903	0.8575292081350064	0.16666666666666666	0.00038022813688212925	0.0007587253414264037
6904	0.6973712678494158	0.34554973821989526	0.024100785101332848	0.04505888376856119
6905	0.6247836434443964	0.31077025675225073	0.1606342640468804	0.2117941143051926
6906	0.6986153180441368	0.2569496619083396	0.06944162436548224	0.10933503836317136
6907	0.5832431847684985	0.3652173913043478	0.15151515151515152	0.21417644059153493
6908	0.5997944612721765	0.3438071995118975	0.1767843137254902	0.23350253807106594
6909	0.5799978364344439	0.35284186831738884	0.18663491591010567	0.24413511145721792
6910	0.5267200346170489	0.4456599713055954	0.30513261296660116	0.3622448979591837
6911	0.507680657723929	0.5202126761752046	0.6433566433566433	0.575268315445637
6912	0.582918649935093	0.3810246679316888	0.1417278373800113	0.20660561786191994
6913	0.5096819558632627	0.5324062368310156	0.6423632296115518	0.5822388128485184
6914	0.552087840761575	0.40564263322884014	0.16851152493814298	0.23810838163584502
6915	0.7481068801384682	0.25390625	0.014345619068638269	0.027156883225402127
6916	0.5036239723063609	0.4564352056612119	0.36058700209643607	0.4028889322662503
6917	0.5193639117265253	0.5459808505900691	0.7265185185185186	0.6234426646325961
6918	0.6069883167459974	0.6438712877425755	0.8721760309061897	0.7408332144385791
6919	0.5606880138468195	0.6057772236076475	0.78248031496063	0.6828830235826957
6920	0.5044353093898745	0.4862832327083995	0.51566887565989	0.5005451373746184
6921	0.6191583729987019	0.6662261657542005	0.8590555014605648	0.7504518872939925
6922	0.5128191259195154	0.44477701287039806	0.35941468133994436	0.39756538024212423
6923	0.6347901341410644	0.672656629431763	0.8906752411575563	0.766463752075263
6924	0.7763954997836434	0.7776633233938737	0.9977046671767407	0.8740478947047713
6925	0.5089787970575509	0.5264301230992035	0.6721109399075501	0.5904168922577152
6926	0.6138576373864129	0.6572775856648853	0.8609784220062593	0.7454629728669733
6927	0.7100822154911294	0.726909888133116	0.9626293456413311	0.8283261802575108
6928	0.8682929467762873	0.8683868873742292	0.9998754282155092	0.9295040676297733
6929	0.7999242752055388	0.8002056388332702	0.9995268352034609	0.8888287800919665
6937	0.7668217221981826	0.7759656179403824	0.9829006141820212	0.8672599070111154
6939	0.7360450021635656	0.7522618116832347	0.9680896938335489	0.8466373350094281
6941	0.8052790999567286	0.0	0.0	0.0
6942	0.6067178710514929	0.6442603401744806	0.8649309066397034	0.738462645228589
6943	0.5469493725659887	0.4064039408866995	0.24071618037135278	0.3023488255872064
6946	0.6339787970575509	0.668877766387264	0.8968305304010349	0.7662602328071568
6947	0.6240804846386846	0.6588917759381232	0.8931116389548693	0.758328117393421
6948	0.8848983124188663	0.3333333333333333	0.0004701457451810061	0.0009389671361502346
6949	0.7706079619212463	0.16037735849056603	0.004077716478771888	0.007953216374269005
6954	0.8094980527909996	0.2	0.0005688282138794084	0.0011344299489506522
6959	0.8494699264387711	0.0	0.0	0.0
6960	0.8318909562959758	0.0	0.0	0.0
6964	0.8557442665512766	0.0	0.0	0.0
6965	0.6621051492860234	0.6988153643652029	0.9059179399674242	0.7890026007363125
6966	0.5549545651233232	0.58311345646438	0.8224786006698921	0.6824146981627297
6968	0.8667243617481609	0.0	0.0	0.0
6984	0.8652639549978365	0.13043478260869565	0.0012126111560226355	0.002402883460152183
7013	0.8422760709649503	0.0	0.0	0.0
7024	0.6700021635655561	0.30950901180857676	0.09074344023323615	0.1403409891503452
7029	0.5419731717871051	0.5745969161444765	0.7708510437328799	0.6584106494554256
7035	0.8873864128083081	0.0	0.0	0.0
7044	0.8466572912159238	0.2	0.00035310734463276836	0.0007049700387733521
7071	0.659941583729987	0.33074131674442714	0.11324103656372027	0.16871611794261537
7098	0.7946235395932497	0.5	0.001316829075585989	0.002626740215392698
7105	0.6590220683686716	0.3041575492341357	0.09949892627057981	0.1499460625674218
7143	0.6755192557334487	0.7170891738741425	0.9054074408796505	0.8003195419898145
7153	0.819342276070965	0.3333333333333333	0.0002994908655286014	0.0005984440454817474
7154	0.8316205106014712	0.23529411764705882	0.001288659793814433	0.0025632809996795902
7162	0.5833513630463003	0.6249512923756332	0.8330880443251667	0.714163790864225
7166	0.8603418433578538	0.5	0.0003872966692486445	0.0007739938080495357
7216	0.7018065772392903	0.2612741589119542	0.07531985142385472	0.1169309626781996
7229	0.8555279099956729	0.2	0.00075046904315197	0.0014953271028037382
7240	0.8962029424491562	0.1111111111111111	0.0005230125523012552	0.001041124414367517
7246	0.8925789701427953	0.0	0.0	0.0
7254	0.8335677196019039	0.12048192771084337	0.0033178500331785005	0.006457862447529868
7269	0.8555279099956729	0.2	0.0003748125937031484	0.0007482229704451927
7279	0.8573669407183038	0.0	0.0	0.0
7287	0.8343249675465166	0.0	0.0	0.0
7292	0.790891389009087	0.14772727272727273	0.0034174553101997897	0.006680369989722507
7321	0.8740804846386846	0.0	0.0	0.0
7356	0.5267200346170489	0.558529945553539	0.71722664595067	0.628007822464076
7400	0.8208567719601904	0.06666666666666667	0.0003031221582297666	0.0006035003017501509
7414	0.8231826049329295	0.2	0.0006129328838492185	0.0012221203788573174
7430	0.8093898745131978	0.1	0.0002844141069397042	0.0005672149744753261
7439	0.7892687148420597	0.2391304347826087	0.005717255717255718	0.01116751269035533
7470	0.8562851579402856	0.5	0.0003763643206624012	0.0007521624670928922
7476	0.8878732150584163	0.08333333333333333	0.0004847309743092584	0.000963855421686747
7496	0.5900043271311121	0.38907980145093546	0.14559222746106587	0.2118943647327927
7506	0.886250540891389	0.25	0.00047596382674916705	0.0009501187648456056
7514	0.8930657723929035	0.0	0.0	0.0
7517	0.6642146257031588	0.701323591064263	0.9055757482019952	0.7904684757661672
7524	0.7253894418000866	0.24428399518652227	0.04363714531384351	0.0740470545321904
7525	0.8283210731285158	0.25	0.0006309148264984228	0.0012586532410320957
7533	0.8263197749891822	0.21568627450980393	0.0034569453174104338	0.0068048252397154355
7539	0.8036023366508005	0.16666666666666666	0.00027570995312930797	0.0005505092210294523
7553	0.7585460839463436	0.23076923076923078	0.002025658338960162	0.004016064257028113
7558	0.8439528342708784	0.16666666666666666	0.0003471017007983339	0.0006927606511950121
7559	0.5294785807009953	0.5628201479795105	0.7559483994266603	0.6452428530647201
7565	0.7988965815664215	0.29545454545454547	0.0035135135135135136	0.006944444444444444
7619	0.8880895716140199	0.0	0.0	0.0
7635	0.8298896581566422	0.16666666666666666	0.0003183699458771092	0.0006355258976803304
7649	0.7957594115101687	0.17582417582417584	0.004304546677428033	0.008403361344537816
7671	0.794407183037646	0.0625	0.0002640612622128334	0.0005259006047856955
7736	0.5162267416702726	0.5439982282592647	0.7270126282557222	0.6223291951693269
7756	0.8516875811337083	0.16666666666666666	0.0003652300949598247	0.000728862973760933
7764	0.8224794461272177	0.13043478260869565	0.0018472906403940886	0.003642987249544626
7771	0.8880895716140199	0.0	0.0	0.0
7781	0.8786239723063609	0.06896551724137931	0.0009013068949977468	0.0017793594306049821
7787	0.5845954132410212	0.3640140620006392	0.16678869527017132	0.2287607953404298
7790	0.7615209865858935	0.10526315789473684	0.0004551661356395084	0.0009064128710627691
7811	0.8046300302899178	0.125	0.00027731558513588466	0.0005534034311012729
7835	0.7544353093898745	0.27941176470588236	0.008482142857142856	0.01646447140381282
7859	0.8266983989614886	0.0	0.0	0.0
7869	0.8818152315015145	0.0	0.0	0.0
7906	0.8541215923842492	0.13333333333333333	0.0007446016381236039	0.001480932987782303
7957	0.7797490263954998	0.7821222982513305	0.9958511962384179	0.876140649714077
7977	0.6213219385547382	0.6727758686521573	0.8504545088890677	0.751252442707408
8003	0.5758870618779749	0.3753623188405797	0.1448343352439536	0.20901846060728335
