12	0.8280506274340113	0.659433962264151	0.1987489337503554	0.3054402447017697
17	0.7793163132842925	0.7791388270230141	0.7328910614525139	0.7553076646275638
25	0.9097252271743834	0.823404255319149	0.19614799797263052	0.3168235775685632
26	0.8943639117265253	0.7334754797441365	0.15837937384898712	0.2605073835668308
55	0.8816529640848118	0.2	0.0004576659038901602	0.0009132420091324202
66	0.8850064906966681	0.5476190476190477	0.02155576382380506	0.04147880973850315
70	0.7821289485071398	0.7053449063499315	0.31337527907448753	0.4339516582349635
75	0.8218303764604068	0.6073825503355704	0.10578609000584453	0.1801891488302638
76	0.7549762007788836	0.7587301587301587	0.513978494623656	0.6128205128205128
77	0.8627217654694938	0.4	0.004739336492890996	0.009367681498829042
84	0.6657832107312852	0.6850877792198921	0.8647180548370409	0.7644928917178031
85	0.8784076157507572	0.7424242424242424	0.02149122807017544	0.041773231031543054
86	0.6583189095629598	0.6733233744791257	0.7984337124743613	0.7305608871827682
87	0.8753245348334054	0.6192384769539078	0.12747524752475248	0.21142661648990763
95	0.8480636088273474	0.841997479521109	0.9301313843208909	0.8838728347596014
105	0.891551276503678	0.6046511627906976	0.012909632571996028	0.025279533300923675
106	0.7904586758978797	0.6347248576850095	0.1608946608946609	0.2567152724481965
107	0.8647230636088273	0.5777777777777777	0.030927835051546393	0.05871283402333459
108	0.7793704024231934	0.6646942800788954	0.22074235807860262	0.33142107851171937
119	0.8570964950237993	0.714	0.125	0.21275327771156138
127	0.8605581999134574	0.5977011494252874	0.02003853564547206	0.03877703206562267
128	0.6926655127650367	0.703150912106136	0.35570469798657717	0.47242339832869085
131	0.8657507572479446	0.7230769230769231	0.13854089904200442	0.23252937538651824
138	0.7931090437040242	0.6746096959737058	0.19317647058823528	0.3003475397841595
148	0.7426979662483774	0.7522421524663677	0.874684974363431	0.8088560292522201
158	0.7942449156209433	0.7862192571940655	0.8265466345650581	0.8058787507654624
161	0.8343249675465166	0.8294637693133934	0.9094944736365284	0.8676375264681734
165	0.8794353093898745	0.7241379310344828	0.08056265984654731	0.14499424626006904
173	0.8952834270878408	0.6025641025641025	0.024077868852459015	0.04630541871921182
197	0.8118779749026396	0.5833333333333334	0.11296605453533667	0.18927738927738927
202	0.7913241021202942	0.7178932178932179	0.2229941730165845	0.3402872777017784
205	0.7708784076157508	0.6269515201314708	0.16787678767876787	0.26483859770912876
208	0.8469818260493293	0.6946107784431138	0.11507936507936507	0.19744680851063826
213	0.8464409346603202	0.8439046676311581	0.9335411051212938	0.8864627074585083
222	0.805062743401125	0.790572535514421	0.8158596179475789	0.8030170529077394
223	0.875	0.713091922005571	0.1038961038961039	0.18136733970952887
224	0.8502812635222847	0.7416994935284187	0.3633857182244279	0.48778682457438927
234	0.8598550411077456	0.6106194690265486	0.052252934494509656	0.09626787582839207
238	0.6929359584595414	0.7092194106139963	0.9131459213519661	0.798366187178121
253	0.8438446559930766	0.8415275200989487	0.9286018937132133	0.8829230706841316
271	0.7988965815664215	0.786553337790087	0.8474122852145283	0.8158494304110946
300	0.684227607096495	0.7001928020565553	0.9028007954922108	0.7886926306645432
301	0.8481717871051493	0.6730310262529833	0.09552845528455285	0.1673094037377633
304	0.8750540891389009	0.71671388101983	0.1027202598457166	0.17968749999999997
311	0.7980852444829079	0.7849546297199727	0.8402966367244621	0.8116833980729455
312	0.8202077022933795	0.6612903225806451	0.09414466130884042	0.16482412060301507
326	0.7509195153613154	0.7439112611526405	0.46544960772480387	0.5726218097447796
334	0.8585569017741238	0.6887417218543046	0.1793103448275862	0.28454172366621067
335	0.8810038944180009	0.7511574074074074	0.24639331814730447	0.37106918238993714
349	0.8253461704889659	0.6971608832807571	0.2370608742290158	0.3538122873724235
351	0.8288619645175249	0.6005434782608695	0.0682520074119827	0.122573488630061
358	0.8926871484205972	0.58	0.029	0.05523809523809523
391	0.7123539593249676	0.7024395351272118	0.7304300489929233	0.7161614005123826
392	0.7978688879273041	0.7728506787330317	0.4619545618463758	0.5782643042545988
396	0.8758654262224146	0.7706122448979592	0.3191345503718729	0.45135070523547693
409	0.823453050627434	0.6818873668188736	0.12789037967456465	0.21538461538461537
413	0.8990696668109044	0.6	0.012806830309498399	0.025078369905956112
414	0.7868887927304198	0.7421546425105144	0.4219238550671326	0.5379924953095685
418	0.8112289052358287	0.5986159169550173	0.09600443951165372	0.16547106647537063
434	0.8232366940718304	0.7256973795435334	0.3959870848708487	0.5123843628767532
448	0.8870077888360017	0.5813953488372093	0.011927480916030535	0.02337540906965872
454	0.8097684984855041	0.6582138919514884	0.15694006309148265	0.253449373805986
456	0.8737018606663782	0.5	0.017130620985010708	0.033126293995859216
474	0.8224253569883168	0.5434083601286174	0.1012885825591849	0.17075018944177822
485	0.8639658156642146	0.4444444444444444	0.0031834460803820135	0.006321612011062821
491	0.8094439636520987	0.6082698585418934	0.15018807092960773	0.24089635854341734
492	0.7824534833405452	0.6042884990253411	0.14636449480642116	0.2356518434055492
496	0.9018282128948507	0.741190765492102	0.2757685352622061	0.40197693574958815
497	0.8082540025962787	0.6141618497109826	0.11477180664326223	0.19340159271899887
498	0.8029532669839896	0.7831257078142695	0.8000694203401597	0.7915068963543752
499	0.867914322803981	0.7208333333333333	0.1303692539562924	0.2208040842373963
504	0.8623431414971874	0.6235011990407674	0.09818731117824774	0.1696574225122349
510	0.877325832972739	0.3076923076923077	0.0017675651789659744	0.0035149384885764497
511	0.7774772825616616	0.5624385447394297	0.1348738505069559	0.2175732217573222
512	0.8652098658589356	0.74375	0.1309611151870873	0.22270742358078602
530	0.8823020337516226	0.3333333333333333	0.0064754856614246065	0.012704174228675136
534	0.7925140631761143	0.7016976556184317	0.3591228796028134	0.475095785440613
542	0.795597144093466	0.8038139266108061	0.9731355813628095	0.8804076078356909
543	0.7629813933362181	0.736414305620065	0.49407915238392025	0.591383812010444
547	0.8727282561661618	0.6595744680851063	0.013091216216216216	0.02567287784679089
549	0.7518931198615318	0.7287973167225683	0.2744496571634789	0.39874164372788046
558	0.8982583297273907	0.6420664206642066	0.0888661899897855	0.15612382234185737
574	0.8404911293812203	0.8443528199087027	0.9321303747053564	0.886073015259803
581	0.8539593249675466	0.728440366972477	0.1346219057307562	0.22724670864338867
585	0.8758113370835137	0.3711340206185567	0.015852047556142668	0.030405405405405404
588	0.7952185201211597	0.6766034327009937	0.1793152980608092	0.2834973504920515
596	0.8811120726958027	0.6987951807228916	0.025997310623038995	0.050129645635263606
597	0.8901449588922544	0.5	0.002461841457410143	0.004899559039686429
599	0.8549329294677629	0.7792207792207793	0.10355540214014498	0.18281535648994515
601	0.8094439636520987	0.6186770428015564	0.08724279835390947	0.15292137533060832
610	0.8983665080051926	0.5217391304347826	0.006382978723404255	0.012611665790856543
613	0.7720683686715708	0.6201201201201201	0.18217909131010146	0.2816229116945107
618	0.8742968411942882	0.4	0.006042296072507553	0.011904761904761904
620	0.8745672868887927	0.6693418940609952	0.16482213438735177	0.26450999048525214
621	0.7614668974469927	0.7324646520654283	0.4340397568588796	0.5450794305756138
625	0.7074859368238857	0.7210836608646828	0.6002570694087404	0.6551460272924371
643	0.7877001298139333	0.5961290322580645	0.1134020618556701	0.19055475355743454
644	0.7252271743833838	0.7584269662921348	0.5981809701492538	0.6688396349413298
646	0.7714192990047598	0.7527191298784389	0.4052704099207716	0.5268696820420958
648	0.8420597144093466	0.7065217391304348	0.1045016077170418	0.18207282913165265
699	0.8932280398096062	0.3333333333333333	0.0005068423720223011	0.0010121457489878543
701	0.8709974037213327	0.6911764705882353	0.09343936381709742	0.16462346760070054
703	0.8670488965815665	0.5413533834586466	0.02916160388821385	0.05534204458109146
706	0.8012224145391605	0.7157956547269524	0.2764172335600907	0.398822182234582
711	0.8944720900043271	0.0	0.0	0.0
722	0.87916486369537	0.559748427672956	0.039502885042166	0.07379767827529021
727	0.7687689311986153	0.7551487414187643	0.4357154645981185	0.5525902668759812
736	0.764766334919948	0.6522058823529412	0.18622716775141718	0.2897272578801241
739	0.838868455214193	0.7489177489177489	0.2829108748977923	0.4106824925816024
743	0.8176114236261359	0.8270985401459854	0.3772367873491469	0.5181480422977993
744	0.8385439203807875	0.6741293532338308	0.08672	0.1536716756450241
745	0.7726092600605798	0.602291325695581	0.16524472384373598	0.25933756166314303
752	0.7676330592816962	0.8043535970268118	0.6822787660436839	0.7383040935672516
760	0.8458459541324103	0.7428810720268006	0.25860058309037903	0.3836505190311419
764	0.845954132410212	0.6998535871156661	0.1531560397308555	0.2513144058885384
765	0.8695910861099091	0.6878787878787879	0.08954635108481263	0.15846422338568938
769	0.8208567719601904	0.6143205858421481	0.21013080990815475	0.3131480713396931
770	0.8346495023799221	0.5764705882352941	0.06304277902862657	0.11365613221223542
773	0.87975984422328	0.5483870967741935	0.01525347689546882	0.029681361850720213
779	0.8568260493292946	0.6271604938271605	0.09236363636363637	0.16101426307448496
786	0.8178818693206404	0.623550401427297	0.19182217343578487	0.29338929695697796
799	0.7449156209433145	0.7436009625902429	0.4895578280282299	0.590411672746222
824	0.8997728256166162	0.7878787878787878	0.013888888888888888	0.027296587926509186
830	0.7717438338381652	0.7737226277372263	0.5323485967503693	0.6307315365768289
831	0.6723279965382951	0.6820052770448549	0.6797096875986115	0.6808555473606575
838	0.8169082648204241	0.6567567567567567	0.19528529332976158	0.3010530662812307
846	0.8878732150584163	0.45569620253164556	0.017424975798644726	0.033566433566433566
850	0.8610990913024664	0.6388415672913118	0.13731233980227023	0.22603978300180833
863	0.8740804846386846	0.6581395348837209	0.1148538961038961	0.19557705597788527
880	0.8463327563825184	0.7539936102236422	0.14941437163659385	0.24940554821664462
885	0.8812202509736045	0.6	0.012244897959183673	0.023999999999999997
892	0.7564906966681091	0.7595456742387627	0.4726315789473684	0.5826844642195032
898	0.8600173085244482	0.53125	0.006563706563706564	0.012967200610221207
912	0.7864560796192125	0.7195720017833259	0.32718426920737886	0.4498327759197324
929	0.7160861099091302	0.7284048592881998	0.9371661954131323	0.819702538384914
930	0.9055062743401125	0.7061224489795919	0.09361471861471861	0.16531294792164355
931	0.8133383816529641	0.6306930693069307	0.17146702557200538	0.26962962962962966
932	0.8431414971873648	0.595	0.040503744043567054	0.0758444869343531
943	0.8099307659022068	0.7177681473456121	0.30685502547475685	0.4299156391953277
945	0.9096711380354825	0.7384196185286104	0.14688346883468834	0.2450271247739602
946	0.9308199913457378	0.8076448828606658	0.3683914510686164	0.5059868675164155
948	0.8895499783643445	0.42105263157894735	0.007858546168958742	0.015429122468659594
953	0.7373431414971874	0.7215373459028281	0.6288711920111237	0.6720248547885992
957	0.8129597576806578	0.6366812227074236	0.19331742243436753	0.29658258746948735
958	0.8301601038511467	0.6448598130841121	0.021759697256385997	0.042098840756558877
960	0.9017200346170489	0.5	0.018161805173362685	0.03505045140732873
965	0.8885222847252272	0.2857142857142857	0.003904343582235237	0.007703418391911411
969	0.8622890523582865	0.6306532663316583	0.09471698113207547	0.1646981627296588
980	0.8934443963652099	0.6867469879518072	0.08288899660688318	0.14792387543252594
983	0.8460082215491129	0.6320754716981132	0.13333333333333333	0.22021364009860311
988	0.8748918217221981	0.538860103626943	0.044673539518900345	0.08250694168980564
992	0.8722414539160537	0.7692307692307693	0.024958402662229616	0.048348106365834004
993	0.8523366508005192	0.6486486486486487	0.12435233160621761	0.20869565217391303
1004	0.8265361315447858	0.7274826789838337	0.24881516587677724	0.37080635668040024
1007	0.8197209000432714	0.7642533936651583	0.3752499444567874	0.5033527045149754
1014	0.8008978797057551	0.6699900299102692	0.1670810542018896	0.26746268656716415
1015	0.7676330592816962	0.7575073379995484	0.5101109928538847	0.6096674541159367
1017	0.8787862397230636	0.7299107142857143	0.13363302002451982	0.22590673575129533
1036	0.7649286023366508	0.766047051989544	0.6585518102372035	0.7082438238453277
1038	0.8138792730419732	0.8146067415730337	0.8359929990734067	0.8251613231035008
1039	0.7883491994807442	0.7106945036216447	0.3402692778457772	0.4602014070906332
1042	0.870889225443531	0.8719353438923845	0.9983851934662443	0.9308857167675247
1043	0.6987775854608395	0.7121793700115762	0.9325833732248284	0.8076139150861921
1044	0.776016875811337	0.7650501672240803	0.33832501386577923	0.46917061915139086
1047	0.8777044569450454	0.7492795389048992	0.10682004930156122	0.18698309960445883
1057	0.8751081782778019	0.6744186046511628	0.08409279204639603	0.14953959484346227
1061	0.8752704456945045	0.7509881422924901	0.1484375	0.24787997390737118
1167	0.765361315447858	0.5852842809364549	0.11690046760187041	0.19487750556792874
1169	0.8869536996971008	0.42857142857142855	0.017324350336862367	0.03330249768732655
1170	0.837083513630463	0.54296875	0.04581410678971654	0.08449848024316109
1202	0.831133708351363	0.8465727316043836	0.934761367906802	0.888484069152736
1203	0.8212353959324967	0.8266635823887732	0.9102564102564102	0.8664484583989979
1204	0.8485504110774557	0.6172839506172839	0.11933174224343675	0.19999999999999998
1205	0.8216140199048031	0.576271186440678	0.11978860833822666	0.19834710743801653
1209	0.7643877109476417	0.7239719157472417	0.5477310669297314	0.6236391912908243
1210	0.7941367373431415	0.6946460980036298	0.3282590051457976	0.44583576004659287
1216	0.8749459108610991	0.5569948186528497	0.09125636672325976	0.15681983953318746
1279	0.8488208567719602	0.8502658003544005	0.9375559716681593	0.8917799202385102
1280	0.808686715707486	0.6233221476510067	0.1939441399112503	0.2958391399562015
1281	0.7785590653396798	0.7166371233223601	0.48751076658053405	0.5802747590732008
1283	0.8936066637819126	0.502283105022831	0.05589430894308943	0.1005944215820759
1309	0.8111748160969278	0.8093373493975904	0.8350771780793536	0.8220058124713201
1310	0.8337840761575076	0.8369054127938764	0.994154705462103	0.9087778668329028
1311	0.8817611423626136	0.7147335423197492	0.09814894532931553	0.17259651778955337
1317	0.8715382951103419	0.652317880794702	0.07985407377381434	0.1422896352473817
1318	0.8832215491129382	0.7583892617449665	0.14184100418410042	0.2389848431441664
1323	0.7730960623106881	0.6138482023968043	0.20321798545294248	0.30534856764364965
1332	0.8522284725227174	0.5592417061611374	0.04280014508523758	0.07951482479784368
1357	0.7629273041973171	0.7749243780480276	0.9445447705041384	0.8513683068262741
1359	0.7827239290350497	0.6265508684863523	0.11963989575929874	0.2009150586831112
1363	0.850118996105582	0.5131578947368421	0.02810810810810811	0.05329689101469081
1364	0.7435093033318909	0.692249527410208	0.5404368358913814	0.6069948615945633
1365	0.6498269147555171	0.6338602753697093	0.5798926988570096	0.6056766963089293
1366	0.8843574210298571	0.7383966244725738	0.14805414551607446	0.2466525722339676
1369	0.7747728256166162	0.7241095890410959	0.4556896551724138	0.5593650793650793
1370	0.7087299870186067	0.730780263912794	0.5922352667674067	0.6542536115569824
1375	0.8043054954565123	0.8028583012365701	0.8256201792787159	0.8140801644398767
1376	0.8222090004327132	0.8255048287971906	0.992937759883836	0.9015131086142322
1377	0.8891172652531372	0.6277777777777778	0.053912213740458015	0.09929701230228472
1379	0.8487126784941583	0.84737475552881	0.9361755173273498	0.8895644963872548
1380	0.8099848550411077	0.79091270630344	0.8494394020288307	0.8191319569582453
1381	0.8860341843357854	0.5182926829268293	0.040227165168007575	0.07465963987703117
1382	0.8442232799653829	0.6527777777777778	0.13742690058479531	0.22705314009661834
1389	0.7692557334487234	0.735992828328104	0.5153797865662273	0.6062396160236293
1390	0.6698939852877542	0.6881759192501803	0.7428738204105457	0.7144795321637426
1394	0.8421138035482475	0.8424830113766512	0.9280067283431455	0.8831792532116701
1395	0.837083513630463	0.8322928047448104	0.9251387925052047	0.8762632487059403
1398	0.7903504976200779	0.7993234332893756	0.9737375148424949	0.8779520120914416
1399	0.8850605798355691	0.4720496894409938	0.035916824196597356	0.06675450153711024
1400	0.7878083080917352	0.7473474801061007	0.4162511542012927	0.534693393429012
1401	0.8092816962353959	0.6557257476294676	0.22742221097900328	0.33771600300525917
1404	0.7105690177412376	0.7253324002799161	0.5230225810521004	0.6077842116836474
1405	0.7481068801384682	0.6018099547511312	0.23646779928881864	0.33952630832506026
1406	0.7809930765902207	0.6231313926042487	0.1815680880330124	0.28120007101011896
1408	0.8470900043271311	0.8462767171217769	0.9324505531344284	0.8872762071852944
1411	0.8550951968844656	0.670753064798599	0.13326374391092555	0.22235123367198842
1414	0.7753678061445262	0.7664995256809866	0.6994805837249567	0.7314581312641448
1415	0.8358394634357421	0.6764132553606238	0.2042979099205181	0.3138141532896224
1416	0.8288619645175249	0.4793103448275862	0.044098984771573604	0.08076699593259731
1417	0.7776936391172653	0.640457469621158	0.19897845880524095	0.3036258895289732
1420	0.853093898745132	0.6615384615384615	0.1332185886402754	0.22177650429799425
1427	0.8636953699697101	0.6266375545851528	0.10887708649468893	0.1855203619909502
1429	0.672436174816097	0.6797379229415216	0.7142416769420469	0.6965627818418679
1430	0.8617481609692774	0.5060240963855421	0.0328381548084441	0.06167400881057268
1440	0.8312959757680658	0.8458244111349036	0.9524147223601163	0.8959605056873144
1442	0.7948398961488533	0.661134163208852	0.22446583705095094	0.3351446099912358
1444	0.6829835569017741	0.6985667459348287	0.9027408637873754	0.7876372332330882
1454	0.7939744699264387	0.7935792226530797	0.8527131782945736	0.8220841702087907
1455	0.8676438771094764	0.5244755244755245	0.060950832994717596	0.10921004732435384
1456	0.8782453483340545	0.5909090909090909	0.005764966740576497	0.011418533157663594
1458	0.8098766767633059	0.8254647585930186	0.9316929579590912	0.8753678686664538
1461	0.7905127650367806	0.7131654973173751	0.352221769262128	0.47155137126483826
1463	0.8020337516226742	0.5725190839694656	0.09986684420772303	0.17006802721088435
1464	0.7299870186066638	0.7331365935919055	0.4827873403664631	0.5821894877803817
1465	0.8297814798788403	0.844376160297036	0.9485114339134186	0.8934195820774207
1466	0.8106880138468195	0.6666666666666666	0.20834399795239314	0.3174726989079563
1467	0.6735179575941151	0.6923904275342834	0.8758503401360545	0.7733893978074786
1470	0.8106880138468195	0.8279039584685269	0.937674555343231	0.8793768955059278
1473	0.7905668541756815	0.7719190680564071	0.44597945448104853	0.5653345307588684
1475	0.7709865858935526	0.5968379446640316	0.16856441169903996	0.26288300835654593
1476	0.7117048896581566	0.7040856031128405	0.48721055465805063	0.5759070655633355
1477	0.8301060147122458	0.6175771971496437	0.1557352500748727	0.24874431954077975
1488	0.7703916053656426	0.74524064171123	0.5328846742122973	0.6214215642557746
1494	0.8522284725227174	0.8486615018792667	0.9358030956609997	0.8901045856798069
1496	0.8687256598874946	0.6528735632183909	0.1109375	0.18964941569282134
1500	0.7898636953699697	0.6119186046511628	0.1042337212181233	0.17812566109583244
1506	0.86429035049762	0.6481876332622601	0.1148036253776435	0.19505935194096888
1514	0.8286456079619212	0.8386339237788513	0.9424671995174182	0.8875239650642619
1517	0.806306793595846	0.7167042889390519	0.29202115428834213	0.4149648750204215
1519	0.7981393336218088	0.6678809957498482	0.25670945157526254	0.3708698583951449
1522	0.7550302899177845	0.6329723225030084	0.2116274391470529	0.31720186944067535
1526	0.799762007788836	0.7096323871568171	0.3313056702150771	0.45171800947867297
1530	0.8655884898312419	0.6494117647058824	0.10566615620214395	0.18175831412578203
1540	0.7796949372565989	0.7941669704702881	0.8970515565804645	0.8424797927060371
1544	0.8492535698831675	0.8459697344039531	0.9325900076602264	0.8871705598963605
1547	0.8579619212462137	0.644808743169399	0.12710951526032316	0.21235752849430112
1548	0.8276720034617049	0.8404097587275913	0.9384406983744732	0.8867240275901301
1552	0.8999350930333189	0.6774193548387096	0.08668730650154799	0.1537053979871912
1554	0.8660212029424491	0.6590038314176245	0.1301551267499054	0.2173775671406003
1559	0.6460947641713544	0.6536544850498339	0.7174111212397447	0.6840504128639722
1560	0.8975551709216789	0.5384615384615384	0.007383966244725738	0.014568158168574404
1562	0.8171787105149286	0.669452181987001	0.1925233644859813	0.29904603898797183
1563	0.8462245781047165	0.6731793960923623	0.12475312705727452	0.21049708414329354
1564	0.7807767200346171	0.7368573079145003	0.44809415071139996	0.5572910977607864
1565	0.7596819558632627	0.6137841352405722	0.19695389109117464	0.2982151318906966
1566	0.7860233665080052	0.6206261510128913	0.15979137031768612	0.25414781297134237
1569	0.7894850713976633	0.7364594692838967	0.3901405738494127	0.5100704934541792
1570	0.8018173950670705	0.7266865079365079	0.3200087374399301	0.4443433424325144
1572	0.7075400259627866	0.65414235705951	0.4166171224732461	0.5090347770816308
1573	0.7769904803115535	0.7459190915542938	0.5083843921315705	0.6046600824623645
1574	0.8956620510601471	0.6975476839237057	0.12343297974927676	0.2097501024170422
1576	0.8462245781047165	0.8395166911935559	0.9335917312661499	0.8840585620488561
1577	0.7611423626135871	0.6976744186046512	0.32210292484265085	0.44072948328267475
1579	0.8410320207702293	0.6235038084874864	0.18098547062539483	0.2805385556915545
1580	0.8275097360450021	0.8404397961920086	0.9393780442113151	0.8871589823431584
1584	0.8962570315880571	0.391304347826087	0.01418812401471361	0.027383367139959435
1588	0.8466572912159238	0.8435545385202136	0.9338005572912269	0.8863864064441149
1589	0.797436174816097	0.5792759051186017	0.11983471074380166	0.1985876310721164
1590	0.8674816096927737	0.5813953488372093	0.030352084176446782	0.05769230769230769
1594	0.8485504110774557	0.8433333333333334	0.9383007417397168	0.8882859878710502
1597	0.6852012115967114	0.6651965484180249	0.45989659286755935	0.5438156450854367
1598	0.7222522717438339	0.6713789682539683	0.41537517262544116	0.5132240022750971
1600	0.8669407183037646	0.6224677716390423	0.13035094485152332	0.2155612244897959
1602	0.8444396365209866	0.8374034485449013	0.9312798264642083	0.8818502998931889
1603	0.6619969710082215	0.654911838790932	0.5970834768630152	0.6246621418703826
1606	0.9045326698398961	0.909398579671549	0.9920111359922532	0.9489101803340377
1608	0.8506057983556902	0.8469634365011304	0.931492754865815	0.8872192731727236
1609	0.8048463868455215	0.6814911706998038	0.2503002642325246	0.36612789880534086
1613	0.794407183037646	0.6266996291718171	0.12656015976035945	0.21059190031152644
1615	0.9019363911726526	0.7215189873417721	0.11674347158218126	0.2009695901278096
1616	0.7610882734746863	0.7377878344203381	0.6937421777221527	0.7150874024382378
1618	0.717384249242752	0.654874213836478	0.2770663562281723	0.389388804487554
1619	0.8482258762440502	0.8452067523617779	0.9311550929875448	0.8861016398766034
1621	0.8040350497620078	0.7358597285067874	0.2919003814224815	0.41799196787148596
1623	0.8032237126784941	0.8142327751852868	0.9272428884026258	0.8670710318620286
1624	0.8037646040675033	0.7434125269978402	0.3619348054679285	0.4868458274398868
1627	0.8479013414106448	0.8431584640346133	0.933133817870885	0.8858673593635847
1628	0.7450778883600173	0.66991643454039	0.2650137741046832	0.3797868140544809
1630	0.7736369536996971	0.6409417920209287	0.2123050259965338	0.3189585028478438
1631	0.7690934660320208	0.7423411065386374	0.50821724839568	0.6033633745238317
1632	0.8521202942449156	0.8473839465921441	0.9342690859294762	0.8887079703655458
1637	0.7495131977498918	0.7047174368056673	0.6101198773348202	0.6540156892043332
1638	0.7106771960190393	0.7080053753119601	0.4906865353911655	0.5796463654223969
1639	0.8997728256166162	0.6666666666666666	0.011802575107296138	0.023194517659462312
1641	0.8770012981393336	0.3333333333333333	0.00441696113074205	0.00871839581517001
1642	0.8455214192990047	0.8449593884376493	0.92109375	0.8813854971343135
1643	0.6926114236261359	0.6509046052631579	0.4427352817787722	0.5270079067831877
1644	0.8586109909130246	0.3684210526315789	0.0026830203142966655	0.005327245053272451
1647	0.8248052790999567	0.7547277936962751	0.3190406976744186	0.4484931040354163
1650	0.803872782345305	0.6362359550561798	0.11858638743455498	0.1999117387466902
1652	0.7753678061445262	0.675592960979342	0.3482547820942615	0.4595966167859466
1656	0.8587191691908265	0.5384615384615384	0.00803059273422562	0.015825169555388093
1657	0.7765036780614453	0.7438775510204082	0.4824619457313038	0.5853071055800884
1658	0.8491994807442665	0.8452684434144457	0.933060458770359	0.8869974059662776
1661	0.6766010385114669	0.6899247461094469	0.8447843979244946	0.7595415242308464
1664	0.8257247944612722	0.8391859261814418	0.9317502872462659	0.883049001814882
1665	0.709108610990913	0.6709991876523151	0.4678561314075333	0.5513098615050893
1667	0.8235071397663349	0.5477941176470589	0.08989441930618401	0.15444415651723245
1669	0.7984638684552142	0.6367461430575035	0.11578678908441724	0.1959430297798878
1670	0.8699156209433145	0.6974789915966386	0.09780047132757266	0.17154667585256633
1675	0.7667676330592818	0.6163734776725305	0.1956615120274914	0.2970329312031301
1679	0.711488533102553	0.6671850699844479	0.4390992835209826	0.5296296296296297
1680	0.7465382951103419	0.6732764583813696	0.4718048149943448	0.554816644499335
1681	0.805657723929035	0.6468668407310705	0.2451150136037596	0.35551569506726455
1683	0.8922003461704889	0.6771653543307087	0.042198233562315994	0.07944572748267897
1684	0.8289160536564258	0.8398506305925456	0.9305230288836847	0.8828648668666444
1688	0.8505517092167892	0.8493108493108493	0.9319026698208854	0.8886919389276074
1689	0.8012224145391605	0.739284309870232	0.38430089942763695	0.5057162071284466
1690	0.7206836867157075	0.6680688336520076	0.28909482045341717	0.40355740355740355
1692	0.8521202942449156	0.8496017491800718	0.9308692676249144	0.8883808279578672
1695	0.7727174383383817	0.7051509769094139	0.30979321108076474	0.4304689617782597
1696	0.7988965815664215	0.7518796992481203	0.28328611898017	0.411522633744856
1701	0.8451968844655993	0.8391142768659028	0.9325417311994493	0.8833645773901703
1702	0.8320532237126785	0.8418899858956277	0.932583391922506	0.8849190170860977
1703	0.859638684552142	0.8670212765957447	0.9825004860976084	0.9211557743141008
1704	0.6722739073993942	0.6785861755718887	0.7913135593220338	0.7306273062730628
1707	0.7539485071397664	0.7191111111111111	0.6465965099240709	0.6809286666199061
1708	0.6860666378191259	0.6801301684532925	0.46226906062971634	0.5504260263361735
1712	0.7728256166161834	0.7792446842272295	0.9444572659435341	0.8539333657925854
1713	0.6719493725659887	0.6768605438885126	0.7195473251028807	0.6975514885553284
1716	0.7259303331890956	0.6885197270839514	0.36620384979488796	0.4781130909465444
1720	0.6927736910428386	0.682219419924338	0.7096633143856581	0.6956708101157308
1721	0.7644958892254435	0.6408399710354815	0.18659076533839342	0.2890267798824298
1722	0.6838489831241886	0.6630975143403441	0.45927691696464046	0.5426805414286833
1723	0.8476849848550411	0.5511363636363636	0.034227240649259	0.06445182724252492
1728	0.7442665512765037	0.6931694976508854	0.3308607900638261	0.4479215319943951
1732	0.7429684119428819	0.7591872911979273	0.9012545528126265	0.8241432906520613
1733	0.7510276936391173	0.765718167408861	0.8712641703881827	0.8150885791186276
1734	0.7670380787537863	0.7786532369425717	0.8583452722063037	0.8165594786830785
1736	0.808632626568585	0.6773049645390071	0.19400711020822753	0.30161863403079353
1779	0.9033967979229771	0.7050847457627119	0.10907184058730991	0.18891916439600362
1821	0.8934443963652099	0.7403846153846154	0.03811881188118812	0.07250470809792843
1842	0.883870618779749	0.7301587301587301	0.1546868432114334	0.25528962885882767
1905	0.6696235395932497	0.6514342235410485	0.4310773661474015	0.5188277926579486
1918	0.8090112505408914	0.25	0.0011353959693443088	0.0022605255721955355
1924	0.8980960623106881	0.3333333333333333	0.0010626992561105207	0.0021186440677966097
2201	0.7841302466464734	0.7900926585887385	0.9667853768442474	0.869553848668083
2202	0.7228472522717438	0.6288787753413322	0.26448581868801113	0.37236648701616853
2203	0.8859800951968845	0.0	0.0	0.0
2245	0.7632518390307226	0.7873030065943892	0.7400714435805842	0.7629569455727052
2248	0.7662808308091735	0.75	0.5275318829707427	0.6193957544261429
2250	0.8069558632626569	0.7093062605752961	0.43612151477320016	0.5401365803375854
2251	0.8401665945478148	0.7247409326424871	0.30665935872841876	0.43096476025418845
2252	0.8610450021635656	0.7270341207349081	0.2691062176165803	0.39281493736705275
2253	0.8806793595845954	0.6666666666666666	0.14465937762825903	0.23773324118866618
2254	0.8595305062743401	0.7235955056179775	0.21502504173622705	0.33153153153153153
2258	0.8372457810471657	0.6899109792284867	0.26412950866231183	0.38200862600123225
2266	0.8174491562094331	0.6821602478972997	0.3670795616960457	0.4773114449434722
2279	0.8698074426655128	0.7057793345008757	0.28015293708724365	0.40109479970141826
2280	0.8932821289485071	0.720754716981132	0.24655765920826161	0.36742545687720424
2286	0.8042514063176114	0.7159387831280328	0.40159128978224456	0.5145539906103287
2305	0.896960190393769	0.7917910447761194	0.39486416077409753	0.5269431338465359
2314	0.9347144093466032	0.8253061224489796	0.5044910179640718	0.6262000619386806
2348	0.8158264820424059	0.7275449101796407	0.2917166866746699	0.41645244215938304
2351	0.87797490263955	0.720527617477329	0.3131494088140451	0.4365634365634365
2370	0.7485936823885764	0.7375256322624744	0.48076637457299864	0.582089552238806
2408	0.8206945045434877	0.783260462211118	0.29701563240170537	0.43070582174137045
2461	0.9051276503678062	0.7940015785319653	0.4025610244097639	0.5342538502389804
2551	0.7408589355257464	0.7530966143682907	0.41266968325791853	0.533177433498977
2558	0.8270770229337949	0.7707820954254796	0.3645881805490926	0.49502448270415417
2573	0.7981393336218088	0.8050716774230395	0.977870274020118	0.8830973562210249
2581	0.8139333621808741	0.5375	0.0373048004626952	0.06976744186046512
2743	0.8760276936391173	0.5	0.006544502617801047	0.012919896640826873
3052	0.8604500216356555	0.5458515283842795	0.04805843906189927	0.088339222614841
3058	0.7942449156209433	0.6400506970849176	0.12546583850931678	0.2098047361861238
3060	0.8938230203375163	0.7525773195876289	0.07083939835031539	0.12949002217294903
3097	0.6635655560363479	0.6777949738374235	0.8326844726120416	0.7472982855285609
3468	0.8946343574210298	0.7847560975609756	0.44656488549618323	0.5692171605484299
3470	0.8594764171354392	0.7297979797979798	0.1039568345323741	0.18198992443324935
3546	0.8631003894418001	0.4369747899159664	0.02066772655007949	0.039468690702087285
3549	0.880895716140199	0.2826086956521739	0.005957836846929423	0.011669658886894077
4163	0.8752163565556036	0.7588495575221239	0.1349862258953168	0.22920147009689276
4164	0.8758654262224146	0.708092485549133	0.1004510045100451	0.17594254937163376
4166	0.8513630463003029	0.6740812379110251	0.22425997425997427	0.33655239014968613
4451	0.6834703591518823	0.6934217978800874	0.8059813787266058	0.7454766875434934
4452	0.8668866291648637	0.5	0.014628199918732222	0.0284247927358863
4571	0.8605581999134574	0.5640243902439024	0.07061068702290077	0.1255088195386703
4577	0.7423734314149719	0.7455931395902811	0.4586080586080586	0.567903474553207
4853	0.8574210298572047	0.5528846153846154	0.04326561324303988	0.08025122121423588
4890	0.829402855906534	0.6462093862815884	0.15808065940535768	0.2540208136234626
4929	0.6692990047598443	0.6863731053803606	0.8453507918251791	0.7576117982873454
5128	0.832918649935093	0.8404105340325946	0.9829178208679594	0.9060951512387903
5199	0.8778126352228472	0.7014218009478673	0.06313993174061433	0.11585127201565557
5232	0.7834811769796625	0.7583670467083486	0.3812869822485207	0.5074443213978098
5273	0.7531371700562527	0.6632978723404256	0.24082657396678253	0.3533578917540379
5303	0.8809498052790999	0.7142857142857143	0.02682163611980331	0.05170185264971995
5306	0.8930116832540026	0.4166666666666667	0.012703252032520325	0.02465483234714004
5312	0.8401665945478148	0.5151515151515151	0.04017555705604321	0.07453805198872532
5344	0.8417351795759411	0.6515337423312884	0.16734951150330918	0.2662988966900702
5359	0.6829294677628732	0.687894515359798	0.5741716426647934	0.6259093809827696
5544	0.7768282128948507	0.7792422837461915	0.9368530020703933	0.8508099508244142
5558	0.8411401990480312	0.8224115334207077	0.32007141035450143	0.46080411235542507
5559	0.8660212029424491	0.8096885813148789	0.3469750889679715	0.48577953082831643
5563	0.7994374729554306	0.6270531400966184	0.1634349030470914	0.2592888533759488
5564	0.8680765902206837	0.645045045045045	0.1376923076923077	0.22694136291600633
5575	0.7440501947209001	0.7315058205031919	0.32657166806370497	0.4515530829856282
5586	0.8455755084379056	0.5578947368421052	0.07312866505691618	0.12930771576700215
5596	0.7885655560363479	0.8202036998545001	0.7836361830999901	0.8015030721576195
5601	0.8688879273041973	0.7916959887403238	0.34583461420227485	0.4813863928112966
5605	0.8046300302899178	0.7634896621280888	0.3251019969937728	0.45602409638554214
5610	0.779586758978797	0.8215147857573929	0.6531126304426053	0.727697961911126
5612	0.9148636953699697	0.8207440811724915	0.33971068595426973	0.4805280528052805
5613	0.866129381220251	0.7843642611683849	0.2910423971947721	0.4245524296675192
5616	0.7865101687581134	0.7829509671614935	0.5386043632987777	0.6381886515720965
5622	0.9068585028126352	0.73558648111332	0.18887187340479836	0.3005686433793664
5623	0.8066854175681523	0.7689912826899128	0.46586193889098454	0.5802208127789523
5626	0.8162051060147123	0.7458677685950413	0.33195402298850574	0.4594336621062679
5631	0.8244266551276503	0.7317397078353254	0.38504542278127185	0.5045787545787546
5632	0.8825183903072263	0.6868131868131868	0.20458265139116202	0.31525851197982346
5633	0.9023691042838597	0.7101449275362319	0.10203019260801666	0.1784251251706873
5634	0.801006057983557	0.7560690260310032	0.47605893186003684	0.5842468075488756
5635	0.8798680225010818	0.7491776315789473	0.3222497347010966	0.4506554538708879
5637	0.8742968411942882	0.702922077922078	0.16822066822066822	0.27147335423197494
5641	0.7764495889225443	0.7719060523938572	0.5225500687968201	0.6232108669887866
5642	0.865534400692341	0.7714464621164684	0.3674321503131524	0.49777777777777776
5644	0.8392470791864993	0.7015610651974288	0.22398123717384932	0.33955555555555555
5648	0.7461055819991346	0.7606823451473999	0.5856924254016832	0.6618155619596541
5650	0.8486045002163566	0.7573099415204678	0.4031128404669261	0.526155408836973
5654	0.8000324534833405	0.7762793914246197	0.42398489140698775	0.548430438500061
5655	0.9003137170056252	0.6802841918294849	0.18719452590420332	0.2935990801073208
5677	0.8355149286023367	0.7705817782656421	0.34864663521231687	0.4800820653103094
5685	0.8758113370835137	0.7281553398058253	0.09232663110381617	0.16387472687545523
5686	0.8762981393336218	0.7284623773173392	0.24685883222468588	0.368755175269114
5692	0.7086758978797058	0.7330050315812011	0.7030495944142109	0.7177148846960167
5693	0.75	0.741777466759972	0.4749813293502614	0.579129484611182
5694	0.8490372133275639	0.7701019252548131	0.36315086782376504	0.4935583378697152
5699	0.8930657723929035	0.8032407407407407	0.3767643865363735	0.5129342202512934
5710	0.8141497187364777	0.7587324450846237	0.4323825159039606	0.5508496732026144
5725	0.8781371700562527	0.7276507276507277	0.14158576051779936	0.2370470707754826
5786	0.7803980960623107	0.7775546070800904	0.4938606282889491	0.6040569533840452
5788	0.8961488533102553	0.6741379310344827	0.18426013195098964	0.28941524796447077
5830	0.8250216356555604	0.7724988579259936	0.38188798554652215	0.5111077527580474
5846	0.857853742968412	0.6827586206896552	0.10656620021528525	0.1843575418994413
5860	0.6906642146257032	0.7068180225632401	0.8679229048356565	0.7791294944579615
5861	0.7413998269147555	0.7507131885012069	0.48414944806113785	0.5886604146950013
5863	0.8218303764604068	0.7733778625954199	0.3650900900900901	0.4960220318237454
5875	0.7699588922544353	0.7557251908396947	0.42935779816513764	0.5476013190086162
5904	0.828807875378624	0.6055226824457594	0.09382640586797066	0.16247684572638263
5936	0.8740263954997837	0.7560975609756098	0.09931918301962354	0.17557522123893807
5984	0.7627650367806145	0.7522837184309511	0.6877916973716531	0.7185936096496857
6141	0.7966789268714842	0.6025345622119815	0.13284226568453136	0.2176899063475546
6235	0.8588814366075292	0.8601193705914271	0.9980482276647988	0.9239646781103372
6599	0.7240372133275639	0.7251642036124795	0.4842379385964912	0.5807034845496384
6717	0.8873864128083081	0.7684824902723736	0.16751484308736217	0.27506963788300837
6747	0.8981501514495889	0.6635514018691588	0.07270865335381464	0.13105676049838486
6806	0.8786780614452618	0.7522935779816514	0.10215946843853821	0.17989031078610604
6821	0.8778667243617482	0.3783783783783784	0.006224988883948421	0.012248468941382328
6826	0.8806793595845954	0.5092592592592593	0.049773755656108594	0.09068425391591095
6829	0.8380030289917785	0.648074369189907	0.15164698570540708	0.2457819189121128
6830	0.8626135871916919	0.6931407942238267	0.07253494522100491	0.13132694938440492
6836	0.8761358719169191	0.5641025641025641	0.019130434782608695	0.03700588730025231
6838	0.804521852012116	0.7439189189189189	0.25392066420664205	0.3786107290233838
6839	0.8551492860233665	0.5472636815920398	0.08100147275405008	0.14111610006414366
6841	0.875	0.5239852398523985	0.06110154905335628	0.1094412331406551
6843	0.8723496321938555	0.4830188679245283	0.05444491705657167	0.0978593272171254
6844	0.8556901774123756	0.5442307692307692	0.10427413411938098	0.1750154607297464
6845	0.8846819558632627	0.5588235294117647	0.04414498141263941	0.08182601205857021
6847	0.7994915620943315	0.5585106382978723	0.08348794063079777	0.14526170163707633
6849	0.8381112072695802	0.6584821428571429	0.18004272200183094	0.2827701893122454
6850	0.8378948507139766	0.7259215219976218	0.32499334575459143	0.4489795918367347
6851	0.8337299870186067	0.7164579606440071	0.2251264755480607	0.34260051325919594
6852	0.875540891389009	0.6925465838509317	0.09195876288659793	0.16235893702220605
6853	0.8407615750757248	0.4444444444444444	0.009533537623425264	0.018666666666666668
6854	0.87797490263955	0.526595744680851	0.043689320388349516	0.08068459657701711
6855	0.8740804846386846	0.6216216216216216	0.038917089678511	0.0732484076433121
6856	0.7793704024231934	0.5663716814159292	0.10707456978967496	0.18010050251256282
6857	0.7784508870618779	0.7254702592780885	0.28637367047963075	0.41064748201438844
6858	0.8329727390739939	0.6223662884927067	0.11855510960172892	0.19917012448132781
6859	0.8035482475118996	0.5183752417794971	0.07340454669953438	0.1285988483685221
6860	0.7561120726958027	0.5411899313501144	0.10325256494215238	0.17341888175985334
6861	0.8099848550411077	0.5330459770114943	0.1042427648215791	0.17438307873090483
6862	0.7980852444829079	0.5908221797323135	0.1575325006372674	0.24874220165023142
6863	0.8231285157940286	0.6333333333333333	0.1623931623931624	0.2585034013605442
6864	0.8337299870186067	0.6929895245769541	0.2420489726991275	0.35878181059657904
6866	0.8286456079619212	0.7072111207645526	0.2233196159122085	0.3394495412844037
6867	0.8757031588057118	0.7526205450733753	0.14139424970460812	0.2380636604774536
6868	0.8705106014712246	0.5411764705882353	0.05714285714285714	0.10337078651685393
6869	0.7770445694504543	0.6467455621301775	0.23668254655695106	0.34654407102092577
6870	0.8002488100389442	0.6029173419773096	0.09738219895287958	0.16768086544962812
6871	0.7785590653396798	0.716636197440585	0.3109877032923443	0.43374827109266945
6872	0.7369104283859801	0.7278276481149013	0.5476898135639017	0.6250385445575085
6873	0.7306901774123756	0.7383154819863681	0.4372207005910336	0.5492077863286554
6874	0.7580051925573345	0.6018465089440277	0.21607623782887922	0.3179878048780488
6875	0.8070099524015578	0.7101049144119271	0.29706629706629706	0.4188925081433224
6876	0.7518931198615318	0.740388136213841	0.34271186440677964	0.46854362182829334
6877	0.7603310255300736	0.6064844246662429	0.20016785564414605	0.3009938476100331
6878	0.7566529640848118	0.7413014008133755	0.494498869630746	0.5932555826778771
6879	0.7543812202509736	0.7489207390778795	0.5841864224137931	0.6563753310631858
6880	0.7398853310255301	0.7389365351629502	0.5672152732060566	0.6417877094972066
6881	0.7463760276936391	0.6406698564593302	0.2537426568125829	0.3635129632143342
6882	0.7604932929467763	0.7780744201568497	0.6008246360005154	0.6780572924240221
6883	0.8826265685850281	0.558252427184466	0.05241567912488605	0.09583333333333333
6884	0.7964084811769797	0.6016869728209935	0.16126601356443104	0.2543581616481775
6885	0.7750973604500216	0.703429724277068	0.3897168405365127	0.501558379285543
6886	0.7673085244482908	0.6657997399219766	0.30313795145056244	0.41659886086248976
6887	0.7034292514063176	0.7067510548523207	0.5130823229100191	0.5945426310729868
6888	0.773745131977499	0.6734177215189874	0.2732128184059162	0.38871839836329103
6889	0.7950021635655561	0.710708782742681	0.37776412776412777	0.49331550802139035
6890	0.6954240588489832	0.6967822978065513	0.7430956306677658	0.7191941355408168
6891	0.6730311553440069	0.6128430588862244	0.3337202553685432	0.4321277595115078
6892	0.763630463003029	0.7857961053837342	0.55893536121673	0.6532296460879226
6893	0.75475984422328	0.7684656774824719	0.6021464162514373	0.675214899713467
6894	0.8490913024664647	0.6571936056838366	0.12470508931580722	0.20963172804532576
6895	0.8924167027260926	0.5203252032520326	0.0320962888665998	0.06046291922531886
6896	0.7095954132410212	0.7313327697943083	0.5999075465156594	0.6591327534759698
6897	0.8003028991778451	0.6046114432109309	0.17983235966471933	0.27721221613155833
6898	0.7654694937256599	0.7134670487106017	0.32403792526491915	0.44566607005880854
6899	0.8076049329294678	0.6409807355516638	0.18870843000773396	0.291575383389763
6900	0.7305819991345738	0.7201599086236437	0.3866319178292197	0.503142144638404
6901	0.7371808740804846	0.7069457659372027	0.5281489906170032	0.604605744975181
6902	0.7474037213327563	0.6297953964194374	0.19405043341213554	0.2966867469879518
6903	0.8592600605798356	0.5439560439560439	0.037815126050420166	0.07071428571428572
6904	0.7801817395067071	0.7479235880398671	0.34252567516165844	0.46986694495173503
6905	0.7593033318909563	0.7306325515280739	0.35768963117606123	0.4802616211165615
6906	0.7863479013414106	0.7076663858466723	0.34035656401944897	0.45964432284541723
6907	0.6723279965382951	0.6098738932116984	0.3305220299549222	0.42870614862316103
6908	0.7211704889658157	0.6591119333950046	0.4363803399173174	0.525103638876094
6909	0.76070964950238	0.7181800353010395	0.550759512708678	0.6234252638747021
6910	0.6737343141497187	0.6729019211324571	0.49393864423552697	0.5696961050078471
6911	0.7603851146689745	0.7762454564892025	0.7565117732861013	0.766251582946391
6912	0.7181955863262657	0.6975460122699386	0.47759731167740127	0.5669880319148936
6913	0.7065664214625703	0.7086717072715393	0.767178658043654	0.7367654908049882
6914	0.6594547814798788	0.621220351258374	0.4493778650949574	0.5215078279373766
6915	0.7720683686715708	0.6146978021978022	0.19678979771328056	0.2981345769487009
6916	0.6505841627001299	0.6302435292617621	0.5813242385040573	0.6047962804355805
6917	0.6823885763738641	0.6848619768477293	0.7672585794094174	0.7237225933941845
6918	0.6774123755949806	0.6955945677376615	0.8846575111635353	0.778816199376947
6919	0.7190069234097793	0.726044776119403	0.8645694481471607	0.7892751389283251
6920	0.7840761575075724	0.7788546255506608	0.7809187279151943	0.7798853109836787
6921	0.7067286888792731	0.7220732797140303	0.9137318255250404	0.8066747486272552
6922	0.7752055387278235	0.7654562020044253	0.714146933819065	0.7389119236084936
6923	0.7035915188230203	0.7150603143657853	0.9359649122807018	0.8107342681494785
6924	0.8014928602336651	0.8093057860699365	0.9766558463982319	0.8851402103154732
6925	0.8131761142362613	0.8195224719101124	0.831535016286645	0.825485044462409
6926	0.8463868455214193	0.8490172721858249	0.9335297969875573	0.8892701185277605
6927	0.8350281263522285	0.8482172946013345	0.9403721138758125	0.8919206236711552
6928	0.87262007788836	0.8738812042310822	0.9981412639405205	0.931887201735358
6929	0.8492535698831675	0.8651657747431876	0.9594133697135061	0.9098554193485785
6937	0.7941367373431415	0.8024719615472649	0.9753790513284184	0.8805173604570855
6939	0.7859151882302033	0.793913918654905	0.9656513285806869	0.8714016505295992
6941	0.8140956295975768	0.6146788990825688	0.11207136883189295	0.18957792973355342
6942	0.840058416270013	0.8366254523522316	0.933540842937663	0.8824301220627411
6943	0.6755733448723497	0.6565676699222643	0.4351961950059453	0.5234387414587637
6946	0.6882302033751623	0.7032543443917851	0.9124374846273674	0.7943044750553138
6947	0.8435201211596711	0.8455266473945593	0.9337753765553373	0.8874625588361146
6948	0.8828429251406318	0.47101449275362317	0.030120481927710843	0.05662020905923344
6949	0.7954889658156642	0.6196868008948546	0.13867334167709636	0.22663121292697894
6954	0.8130679359584595	0.5533333333333333	0.047591743119266054	0.08764519535374868
6959	0.8526070964950238	0.6427255985267035	0.12118055555555556	0.20391469471224072
6960	0.8465491129381221	0.6680203045685279	0.2077020202020202	0.316879364314953
6964	0.8535807009952402	0.4841628959276018	0.03962962962962963	0.07326258130777132
6965	0.7077022933794894	0.7218839541547278	0.9419691540738433	0.8173707333558635
6966	0.6847144093466032	0.6947900778678655	0.8102415278037821	0.7480876442370025
6968	0.8783535266118564	0.7443181818181818	0.10821974390747625	0.18896501983411468
6984	0.8792189528342709	0.7700205338809035	0.1502403846153846	0.2514247401944351
7013	0.850713976633492	0.6724137931034483	0.06818181818181818	0.12380952380952379
7024	0.7461596711380355	0.6665092111478508	0.26139310855872544	0.3755156353958749
7029	0.6770337516226742	0.6899205764349464	0.7941564561734213	0.7383779520658985
7035	0.8905776720034617	0.7228915662650602	0.05722460658082976	0.10605391073795847
7044	0.8545002163565556	0.7227979274611399	0.09748427672955975	0.17179802955665024
7071	0.7841843357853743	0.7197520883858798	0.47518235189468067	0.5724389198456922
7098	0.801546949372566	0.6133501259445844	0.12652637048584048	0.20977816067197932
7105	0.7941367373431415	0.7748324192565509	0.4532976827094474	0.5719748088169141
7143	0.8423301601038512	0.8530786425523268	0.9440779610194903	0.8962744191011635
7153	0.8264820424058849	0.6486486486486487	0.10672991402312482	0.18329938900203666
7154	0.8873323236694072	0.7881656804733728	0.43572129538763493	0.5611965451864335
7162	0.7139225443530939	0.7252462788523765	0.8729444348277653	0.7922705314009661
7166	0.8692124621376027	0.6958955223880597	0.1419330289193303	0.2357774968394438
7216	0.7558416270012981	0.6231617647058824	0.14178168130489335	0.23100511073253835
7229	0.8582864560796192	0.5463917525773195	0.020159756561430202	0.03888481291269259
7240	0.8989073993942016	0.4	0.00644122383252818	0.012678288431061807
7246	0.8946884465599307	0.5904761904761905	0.03153611393692777	0.059874456784162235
7254	0.8352444829078322	0.5546218487394958	0.02157567832625041	0.04153555695405916
7269	0.8557983556901774	0.29411764705882354	0.0075815011372251705	0.014781966001478197
7279	0.8679684119428819	0.7178002894356006	0.18088986141502553	0.2889600932129333
7287	0.843628299437473	0.6134663341645885	0.08249496981891348	0.14543304759089565
7292	0.8203158805711813	0.6896325459317585	0.2694871794871795	0.38753687315634217
7321	0.9132951103418434	0.7994296577946768	0.37662337662337664	0.5120243531202436
7356	0.689528342708784	0.7003450411395205	0.7708637647287954	0.7339143333951417
7400	0.8444396365209866	0.6655231560891939	0.23789086450030655	0.3504968383017163
7414	0.8318909562959758	0.6303763440860215	0.1420351302241066	0.23183391003460208
7430	0.858989614885331	0.7927669345579793	0.3807554452715743	0.5144347178245483
7439	0.8256707053223713	0.7164653528289892	0.2886782786885246	0.41153916377578964
7470	0.859638684552142	0.36	0.006974041069352964	0.013683010262257697
7476	0.8976092600605798	0.7258064516129032	0.046177526936890714	0.08683068017366137
7496	0.7611964517524881	0.7428313796212804	0.5794879009566686	0.651070892278511
7506	0.8943639117265253	0.8137254901960784	0.11608391608391608	0.20318237454100366
7514	0.897501081782778	0.7380952380952381	0.03204134366925065	0.061416542842991584
7517	0.7134357421029858	0.7264285714285714	0.9456066945606695	0.8216521914764694
7524	0.7631436607529208	0.5872340425531914	0.1505235602094241	0.23962493488452857
7525	0.8244807442665513	0.5582329317269076	0.04245571166768479	0.07891001986942946
7533	0.8367048896581566	0.6151315789473685	0.11839189616967395	0.19856649853995223
7539	0.8514712245781048	0.7912621359223301	0.3181818181818182	0.4538583929992044
7553	0.8200995240155776	0.7614678899082569	0.35767747788614196	0.48672839506172844
7558	0.8465491129381221	0.5602240896358543	0.06944444444444445	0.12357120790855733
7559	0.8192340977931631	0.8081604062691533	0.8891243618148541	0.8467113108889094
7565	0.8322695802682821	0.7188519243313763	0.292152704135737	0.4154571159283695
7619	0.9255192557334487	0.7931316434995912	0.46322827125119387	0.5848658426288814
7635	0.8363262656858503	0.507177033492823	0.03499504787058435	0.06547251389746757
7649	0.8428169623539593	0.802640722724114	0.3057982525814138	0.44286809815950917
7671	0.8241562094331458	0.7027804410354745	0.1995100707675558	0.31079075683697266
7736	0.6819558632626569	0.6931447225244831	0.7538461538461538	0.7222222222222222
7756	0.8635871916919082	0.7709163346613546	0.1385110952040086	0.23483009708737862
7764	0.8463327563825184	0.7144362486828241	0.20874384236453203	0.3230879199428163
7771	0.8997728256166162	0.6827458256029685	0.1795121951219512	0.28427964465044414
7781	0.8814906966681091	0.5161290322580645	0.05820827648931332	0.10461789946873722
7787	0.723983124188663	0.7045053003533569	0.4586628324946082	0.5556039362535923
7790	0.7881328429251406	0.6987755102040817	0.1943687556766576	0.30413927873512175
7811	0.804521852012116	0.0	0.0	0.0
7835	0.8061986153180442	0.7107679465776294	0.3707816242107555	0.4873372442409501
7859	0.8349740372133275	0.6493506493506493	0.07896399241945673	0.14080540692762603
7869	0.886250540891389	0.6903765690376569	0.07520510483135825	0.13563501849568435
7906	0.8668325400259628	0.6666666666666666	0.2029197080291971	0.3111359820928931
7957	0.7931631328429252	0.8014054733474262	0.9757913043478261	0.8800426626513584
7977	0.8459000432713111	0.8491928945234761	0.9348425835767608	0.8899617627747093
8003	0.7376135871916919	0.7347227842978551	0.5063450006972529	0.5995211755964666
