12	0.8568260493292946	0.7341311134235172	0.39780095855652664	0.5159992686048638
17	0.844169190826482	0.8441947565543071	0.8054794520547945	0.8243828101188663
25	0.923572046733016	0.9659498207885304	0.27884117951370924	0.43275792854275386
26	0.9083729987018606	0.8756983240223464	0.28091397849462363	0.42537313432835816
55	0.8868996105581999	0.7	0.08896958692691784	0.15787354007249296
66	0.8979878840328862	0.7258064516129032	0.2077562326869806	0.32304379038047376
70	0.8056036347901342	0.7902397260273972	0.37292929292929294	0.5067252264617075
75	0.8390307226308957	0.7594458438287154	0.17798110979929163	0.2883787661406026
76	0.8321073128515794	0.816656010230179	0.7230399094254175	0.76700195165891
77	0.8694829078321074	0.912	0.04531001589825119	0.08633093525179855
84	0.7167351795759411	0.7235468397291196	0.886133909287257	0.7966292571162285
85	0.8856014712245781	0.9514563106796117	0.08518035636679705	0.15636218587953732
86	0.7179792297706621	0.7400931376856164	0.7887442644442364	0.7636446056210335
87	0.8860882734746863	0.6978335233751425	0.24949041989400733	0.3675675675675676
95	0.9189744699264387	0.9250703264853806	0.9460378345392729	0.9354366002930781
105	0.8945261791432281	0.9117647058823529	0.06013579049466537	0.11282984531392175
106	0.8268606663781912	0.7209302325581395	0.41246498599439774	0.5247216035634744
107	0.8781912591951536	0.6787974683544303	0.17312348668280872	0.27588424437299036
108	0.8298355690177412	0.7343962008141113	0.47813604240282687	0.5791867308721241
119	0.8860882734746863	0.9479166666666666	0.284375	0.4375
127	0.8781371700562527	0.9366197183098591	0.152	0.2615535889872173
128	0.7556793595845954	0.7904509283819628	0.5004898530440868	0.6129059902305253
131	0.8900908697533535	0.9442467378410438	0.2862279755483639	0.43929359823399555
138	0.8303764604067503	0.7288854608561511	0.43719639139486466	0.5465587044534413
148	0.8028450887061878	0.8548810277752646	0.82236727589208	0.8383090094486093
158	0.837732583297274	0.8287413280475718	0.8679676146979448	0.8479010342729669
161	0.9085893552574643	0.9106797821886528	0.9390508965767072	0.9246477617264134
165	0.8967979229770662	0.8365243004418262	0.240169133192389	0.3731931668856767
173	0.9063176114236261	0.8120104438642297	0.15778792491121257	0.26423109600679695
197	0.8475768065772393	0.8272583201267829	0.2864983534577388	0.4256013045250714
202	0.8342708784076157	0.8620366025340216	0.39874104623399176	0.5452656574651231
205	0.8233989614885331	0.7727272727272727	0.3835157471521108	0.5126138229586505
208	0.8653180441367373	0.8281622911694511	0.22828947368421051	0.3579164517792677
213	0.9163781912591952	0.9276680168636852	0.9435802572942067	0.9355564818674447
222	0.8558524448290783	0.8406090289608177	0.8711243517599029	0.8555946897859659
223	0.9220034617048897	0.8940783986655546	0.44909928780896524	0.5978806469604016
224	0.9106988316745998	0.8212526389866291	0.6712683347713546	0.7387244817217914
234	0.8784076157507572	0.9248434237995825	0.16685499058380415	0.28270580727504785
238	0.7275530073561229	0.7320939708410263	0.9327547047371837	0.8203317281968969
253	0.9128623972306361	0.9230575810912748	0.9407995899538698	0.9318441426576977
271	0.8484422327996538	0.839776295133438	0.8798314144736842	0.8593373493975903
300	0.7453483340545218	0.7687768631164857	0.873086787457599	0.8176183466336098
301	0.8662916486369537	0.8366412213740458	0.18812221077926536	0.3071748878923767
304	0.918866291648637	0.8829348722176422	0.4409221902017291	0.5881383855024712
311	0.8460082215491129	0.8299980380616049	0.8836553524804177	0.8559866457585108
312	0.8569342276070965	0.8683989941324393	0.2939841089670829	0.4392622429510282
326	0.8123647771527477	0.8218960729869099	0.6171258376768429	0.7049417368376287
334	0.8838165296408481	0.8360375747224594	0.3335604770017036	0.4768631271310278
335	0.8897122457810471	0.9141742522756827	0.2627055306427504	0.4081277213352685
349	0.855419731717871	0.8055087127599775	0.38111702127659575	0.5174219173135945
351	0.8510926006057984	0.743778801843318	0.24588665447897623	0.36959010762537214
358	0.9089138900908698	0.8787878787878788	0.1499482936918304	0.25618374558303886
391	0.7602228472522717	0.7326930772308924	0.8061640066042928	0.7676746501755674
392	0.8884141064474254	0.8476705973323023	0.7747349823321554	0.8095633711806516
396	0.9165404586758978	0.9155657668006892	0.5331103678929766	0.673853307968717
409	0.8378948507139766	0.9037304452466908	0.20474372955288986	0.3338519671038009
413	0.912267416702726	0.8735362997658079	0.19216898505924782	0.3150337837837838
414	0.8503353526611857	0.8297005988023952	0.6275362318840579	0.7145951521402786
418	0.8474686282994375	0.8019005847953217	0.30087767416346684	0.43757479058635823
434	0.8813825183903072	0.8204288266825491	0.6340621403912543	0.7153057250421913
448	0.8919839896148853	0.8850574712643678	0.037306201550387594	0.07159460715946071
454	0.8395716140199048	0.8362521891418564	0.25575790037493307	0.3917145200984414
456	0.8787321505841627	0.7763713080168776	0.07753898019384745	0.14099616858237546
474	0.8338922544353093	0.6907356948228883	0.1512981199641898	0.24822521419828644
485	0.8847901341410644	0.9713261648745519	0.11324697033012955	0.2028443113772455
491	0.8481717871051493	0.7282746926663841	0.4423274974253347	0.5503764215921833
492	0.8199913457377759	0.7664277180406213	0.30402843601895735	0.4353579911774687
496	0.9401233232366941	0.9173878835562549	0.5378228782287823	0.6781041000290782
497	0.8426546949372566	0.8209779179810726	0.27961321514907334	0.41715087156882386
498	0.8529857204673301	0.8352928127772848	0.8593108169785486	0.8471316085489313
499	0.8947966248377326	0.9577259475218659	0.25534395647104546	0.4031911629334151
504	0.87797490263955	0.8008356545961003	0.21391369047619047	0.3376394597768643
510	0.8820315880571181	0.701530612244898	0.11757161179991449	0.20139143170999632
511	0.8093357853742968	0.7596153846153846	0.27335640138408307	0.40203562340966925
512	0.9229229770662051	0.9111994698475812	0.5157539384846211	0.6586826347305388
530	0.895716140199048	0.6997319034852547	0.1256620125180549	0.21306122448979595
534	0.8617481609692774	0.8037309511297951	0.6283894823336073	0.7053262623933595
542	0.8354067503245348	0.8718287526427061	0.9228617385831177	0.8966196704603363
543	0.8119861531804413	0.7945346209163756	0.6096484313416365	0.6899197145405889
547	0.890361315447858	0.9571788413098237	0.1589958158995816	0.2726946537495515
549	0.7999783643444396	0.8478260869565217	0.42555438225976766	0.5666744785563628
558	0.9100497620077889	0.8347107438016529	0.2441972920696325	0.3778526000748223
574	0.9072371267849416	0.925194638413998	0.9363931762794476	0.9307602244741411
581	0.88213976633492	0.9432799013563502	0.2639751552795031	0.41251011054192505
585	0.8863587191691908	0.6867167919799498	0.12177777777777778	0.20687051717629296
588	0.8094439636520987	0.719047619047619	0.2536597072234221	0.3750221749157353
596	0.8963652098658589	0.9375	0.11838440111420613	0.21022258862324816
597	0.9012332323669408	0.9661016949152542	0.11143695014662756	0.19982471516213848
599	0.8711596711380355	0.9370860927152318	0.19450171821305842	0.32214001138303927
601	0.8308632626568585	0.783625730994152	0.2167700188730116	0.3395987328405491
610	0.901070964950238	0.89937106918239	0.07310838445807771	0.13522458628841608
613	0.8231285157940286	0.8001930501930502	0.3673017279574657	0.5034922563012452
618	0.8822479446127217	0.7303102625298329	0.1291139240506329	0.21943348870562926
620	0.8880895716140199	0.8202127659574469	0.288655934107076	0.4270285239545832
621	0.8443314582431848	0.8318728347259018	0.6653626731866341	0.7393588118094548
625	0.7535157940285591	0.7948947604120018	0.6258815232722144	0.7003353718682186
643	0.8083621808740805	0.8005082592121983	0.15687250996015936	0.26233603997501564
644	0.7977066205106015	0.8124006359300477	0.7251655629139073	0.7663084228942766
646	0.8364344439636521	0.8442359911133054	0.5883364871838982	0.6934306569343066
648	0.8570424058848983	0.8314977973568282	0.23266563944530047	0.3635925836744522
699	0.8937148420597144	0.9387755102040817	0.022908366533864542	0.04472532814778805
701	0.9169731717871051	0.9399606299212598	0.39316591189790034	0.5544267053701016
703	0.8704024231934228	0.7630522088353414	0.07518796992481203	0.13688760806916425
706	0.8346495023799221	0.8533604887983707	0.3770528683914511	0.5230145108441254
711	0.8999891821722198	0.8369565217391305	0.040293040293040296	0.07688467299051423
722	0.8993942016443098	0.8046989720998532	0.2408791208791209	0.37077131258457374
727	0.8325400259627866	0.8323946834872719	0.6110468000661485	0.7047491893953843
736	0.8169623539593249	0.7863720073664825	0.3690579083837511	0.5023529411764706
739	0.8747836434443964	0.9073383084577115	0.40248275862068966	0.5576151347219568
743	0.887440501947209	0.9057108863771565	0.6331877729257642	0.7453188104271202
744	0.896906101254868	0.8722493887530562	0.456786171574904	0.5995798319327731
745	0.8278342708784077	0.7811594202898551	0.3719806763285024	0.5039738195418421
752	0.8470359151882302	0.8689501987374327	0.813238512035011	0.8401718096529898
760	0.8794353093898745	0.8744993324432577	0.39092808116980005	0.540317591255929
764	0.8729987018606664	0.9309941520467836	0.2580226904376013	0.40406091370558367
765	0.9074534833405452	0.9284963196635121	0.3495645288994458	0.5079091170549324
769	0.8545002163565556	0.6951013513513513	0.45545102379634755	0.5503176195252424
770	0.8537970575508438	0.781292984869326	0.18251928020565553	0.29591039333159674
773	0.8929035049762007	0.868020304568528	0.08047058823529411	0.14728682170542637
779	0.8678061445261791	0.757085020242915	0.13862120088954782	0.23433583959899748
786	0.8534725227174383	0.7292213473315835	0.44370508384349217	0.5517127254674832
799	0.8120402423193422	0.8396632732967894	0.6175665946724263	0.7116900356757655
824	0.908156642146257	0.823170731707317	0.07483370288248337	0.13719512195121952
830	0.8640199048031155	0.8394047434506278	0.7855795734803424	0.8116007194244604
831	0.7344223279965383	0.7651291730565059	0.6896331738437002	0.7254222122805056
838	0.860774556469061	0.7265952491849091	0.43980828869467153	0.5479452054794519
846	0.895175248810039	0.7570093457943925	0.0791015625	0.143236074270557
850	0.8676979662483774	0.7223529411764706	0.21742209631728046	0.3342406096897115
863	0.8869536996971008	0.8526570048309179	0.1481947942905122	0.25250357653791133
880	0.8672652531371701	0.9377510040160643	0.2808177991581479	0.43220731142989355
885	0.8872241453916053	0.8291666666666667	0.08872046366473473	0.1602899718082964
892	0.8227498918217222	0.8227549616820593	0.6380676622980799	0.7187365891339799
898	0.8759195153613154	0.946031746031746	0.11572815533980582	0.20622837370242214
912	0.8308091735179576	0.7971745711402624	0.48416751787538304	0.6024402643619725
929	0.7747728256166162	0.7904235975486564	0.9177418093674251	0.8493378681525436
930	0.9084811769796625	0.7833827893175074	0.14020180562931492	0.23783783783783782
931	0.8411401990480312	0.732480195003047	0.3248648648648649	0.4501029769706048
932	0.8541756815231502	0.706777316735823	0.17061769616026712	0.2748789671866595
943	0.8317827780181739	0.8042947779404588	0.3782419095708056	0.5145176397127693
945	0.9347144093466032	0.9675236806495264	0.3767123287671233	0.5422828972317028
946	0.9653288619645175	0.9592933947772657	0.6799129014697877	0.7957948391207391
948	0.8953375162267416	0.8699186991869918	0.052813425468904246	0.09958120055839925
953	0.7971116399826915	0.795444959932518	0.711340206185567	0.7510453308555122
957	0.8501730852444829	0.7244330338040222	0.4433097669547002	0.5500324886289799
958	0.8426006057983557	0.8152866242038217	0.08236808236808237	0.14962010520163646
960	0.8998269147555171	0.7357142857142858	0.053701772679874867	0.1000971817298348
965	0.8944720900043271	0.7789473684210526	0.07194944093339815	0.1317311971517579
969	0.8765144958892255	0.7148817802503477	0.19830246913580246	0.31048021745696164
980	0.8993401125054089	0.770935960591133	0.15040845747236906	0.2517088862082831
983	0.8660212029424491	0.7107011070110701	0.3159448818897638	0.4374290256643198
988	0.8946343574210298	0.804	0.17850799289520428	0.2921511627906977
992	0.8830592816962354	0.9333333333333333	0.10517529215358931	0.18904726181545387
993	0.8746754651665946	0.7518796992481203	0.3082191780821918	0.43721156181685694
1004	0.8551492860233665	0.8045793397231097	0.3953427524856096	0.5301754385964913
1007	0.8818693206404155	0.8442771084337349	0.6270693512304251	0.7196405648267009
1014	0.8117697966248377	0.7326951399116347	0.24197470817120623	0.36380255941499084
1015	0.8381652964084811	0.8308714918759232	0.6843065693430657	0.7505003335557039
1017	0.9020986585893552	0.9491740787801779	0.2967818831942789	0.45217917675544783
1036	0.8422219818260493	0.8498466462194959	0.7806222439980401	0.813764923705548
1038	0.8769472090004327	0.8831813576494427	0.8859640207338144	0.8845705007864427
1039	0.8338922544353093	0.7526104417670683	0.5669624848729327	0.6467272518118026
1042	0.8816529640848118	0.8840971838763114	0.994472049689441	0.9360420929552763
1043	0.7402639549978365	0.7439802818681666	0.9400303441667333	0.8305933817822622
1044	0.8291864993509304	0.8824809575625681	0.4619327890639833	0.6064307078763709
1047	0.9175681523150151	0.9394812680115274	0.4009840098400984	0.5620689655172415
1057	0.9297922977066205	0.8909090909090909	0.5380235868239122	0.670892494929006
1061	0.9330917351795759	0.9050715214564369	0.5606121627064036	0.6923650833126087
1167	0.7853742968411943	0.7057122198120029	0.215120123429579	0.32972972972972975
1169	0.8907399394201644	0.6887755102040817	0.06446991404011461	0.11790393013100436
1170	0.8510385114668975	0.7163375224416517	0.1332220367278798	0.22466216216216214
1202	0.8794893985287754	0.9018667828866129	0.9340254269164222	0.9176644493717664
1203	0.8827347468628299	0.8916517202021849	0.9287533967391305	0.9098244738374511
1204	0.8668866291648637	0.7335640138408305	0.22191207257501744	0.340744709349049
1205	0.8378407615750757	0.7237569060773481	0.19247722597707906	0.30408542246982356
1209	0.826427953266984	0.7858683032011943	0.7118389423076923	0.7470240441466299
1210	0.8628299437472955	0.8083674663545933	0.5949612403100775	0.6854378566112627
1216	0.8966897446992644	0.7274569402228976	0.3043662568885121	0.42916915720263
1279	0.9104824751189962	0.922422783794625	0.9435417692433941	0.9328627641880655
1280	0.8463327563825184	0.7282074206526599	0.42180217503884	0.5341859321200196
1281	0.8581241886629165	0.7971613366870284	0.7481031866464339	0.7718535270070452
1283	0.9149177845088706	0.7076372315035799	0.3086933888599688	0.42986589343965204
1309	0.8775421895283427	0.8858021527421835	0.8825451945664385	0.8841706743067635
1310	0.8520121159671138	0.8561340581740738	0.9890579475558433	0.9178082191780822
1311	0.922436174816097	0.9463753723932473	0.4084869267038148	0.5706586826347306
1317	0.9305495456512333	0.8712273641851107	0.5432873274780426	0.669242658423493
1318	0.9356880138468195	0.9107142857142857	0.5664335664335665	0.6984529546030941
1323	0.8076590220683687	0.6706778981147212	0.37939641479464487	0.4846376811594202
1332	0.86429035049762	0.71875	0.1111111111111111	0.1924686192468619
1357	0.7999783643444396	0.8167843240746849	0.9307570859333885	0.8700541148358986
1359	0.8097144093466032	0.7368799424874192	0.2453914292554465	0.3681752873563218
1363	0.8613154478580701	0.7767584097859327	0.09253187613843351	0.16536458333333334
1364	0.7953266983989615	0.7687576875768758	0.6393394709922549	0.698101164831658
1365	0.7106231068801385	0.7201170057173248	0.6253319478120309	0.6693857372389075
1366	0.9385547382085677	0.9133597883597884	0.5787929589270746	0.7085684966649564
1369	0.8169082648204241	0.7893564356435644	0.557225231521929	0.6532828024172898
1370	0.7785590653396798	0.8083931529541689	0.6839523475823406	0.7409844362900164
1375	0.8706187797490264	0.8741714995857498	0.8776252859222291	0.8758949880668258
1376	0.8448182604932929	0.8496104775883482	0.98656178302196	0.912978858928084
1377	0.9316313284292514	0.8265221017514596	0.48412310698583294	0.6105976586568084
1379	0.9148636953699697	0.9278838440558319	0.9448619506616566	0.9362959365387729
1380	0.8603959324967546	0.8494091505908494	0.8852631578947369	0.866965620328849
1381	0.8964192990047598	0.7160493827160493	0.16376470588235295	0.2665645346610494
1382	0.8706728688879273	0.7235142118863049	0.363282517028868	0.4836968257395811
1389	0.8164214625703159	0.8109113453192809	0.6128377323129783	0.6980964241238214
1390	0.75416486369537	0.7914663461538461	0.7623733719247467	0.7766475011057054
1394	0.911185633924708	0.9191834685852924	0.9420389265197634	0.9304708672086721
1395	0.9096170488965816	0.9206496912274765	0.9368973829201102	0.9287024789862185
1398	0.8409779316313284	0.85649668504864	0.9568076417249256	0.903877591054731
1399	0.8937148420597144	0.6712328767123288	0.13900709219858157	0.23031727379553468
1400	0.8438987451319775	0.7788632326820604	0.649870322341608	0.7085437285396889
1401	0.8569342276070965	0.7419724770642202	0.4962925083098952	0.5947602267504213
1404	0.7708784076157508	0.8147711978465679	0.6070443720230634	0.6957333716420054
1405	0.8039268714842059	0.7630885122410546	0.4034249303066507	0.5278103425817376
1406	0.8296192124621377	0.801980198019802	0.3707093821510298	0.5070422535211268
1408	0.9136737343141497	0.9266371245691778	0.9414707353676839	0.9339950372208438
1411	0.8777044569450454	0.7218390804597701	0.3316901408450704	0.4545235223160435
1414	0.8352444829078322	0.828838174273859	0.7873860556787386	0.8075805432722679
1415	0.8707269580268282	0.8076416337285902	0.36883273164861613	0.5064023130937629
1416	0.8422760709649503	0.7386666666666667	0.08949919224555736	0.15965417867435158
1417	0.802087840761575	0.6849148418491484	0.3695033909429009	0.48003410544266023
1420	0.8731609692773691	0.7298325722983258	0.32519498134961006	0.44991789819376027
1427	0.8795975768065772	0.7519466073414905	0.2523329600597238	0.3778647288988261
1429	0.7330700995240156	0.7559157212317666	0.7233250620347395	0.739261372642257
1430	0.8724037213327563	0.7298701298701299	0.1108044164037855	0.1923998630605957
1440	0.8849524015577672	0.9071858311363483	0.9468040073373784	0.9265716159768012
1442	0.8400043271311121	0.716467958271237	0.466747572815534	0.5652557319223986
1444	0.7192773691042839	0.7273690484073903	0.9110060545741063	0.8088960895500404
1454	0.8426006057983557	0.8445027650201519	0.8780820582789202	0.8609651218346872
1455	0.8819234097793163	0.6988472622478387	0.1972346482309882	0.3076435141135427
1456	0.8814906966681091	0.704	0.039250669045495096	0.07435572454583861
1458	0.8718087408048464	0.8959242547525704	0.9263479923518164	0.9108821538692937
1461	0.850713976633492	0.7822878228782287	0.6054671562627499	0.6826126954921804
1463	0.8187472955430549	0.728515625	0.1953390940036659	0.30807350815610157
1464	0.7841302466464734	0.8107686305111198	0.5790720356694998	0.6756075753881168
1465	0.8818152315015145	0.9025839436230483	0.9439988438470988	0.9228269699431357
1466	0.8444937256598875	0.7104622871046229	0.4477383082034245	0.5493023984950618
1467	0.7167351795759411	0.7230178134823612	0.8905524006195147	0.7980876739792574
1470	0.87321505841627	0.8988637957637817	0.9342469747776644	0.9162138976265369
1473	0.8491453916053656	0.7987987987987988	0.6679820627802691	0.7275569014359675
1475	0.8102012115967114	0.7450879007238883	0.3233116446039937	0.45094664371772797
1476	0.7886737343141497	0.8240881458966566	0.5927039213007241	0.689501708654534
1477	0.8567178710514929	0.6949648711943794	0.35806938159879337	0.47262592076448334
1488	0.8355149286023367	0.8052219321148825	0.7064752596212583	0.7526234442365574
1494	0.9184876676763306	0.9258187231227257	0.9483269800931808	0.9369376909235468
1496	0.8772717438338382	0.7363128491620111	0.24479940564635957	0.367437970448843
1500	0.8284292514063176	0.7988546886184682	0.27851260294484653	0.4130273871206514
1506	0.8823020337516226	0.7474747474747475	0.2544898739014138	0.37970353477765106
1514	0.8934984855041108	0.9159439144261348	0.940203279175013	0.9279150649826103
1517	0.8384357421029858	0.8562284588872476	0.39219666215606674	0.5379737045630317
1519	0.853039809606231	0.7461794019933555	0.5348892593474637	0.6231100013871549
1522	0.8112829943747295	0.8014919187733113	0.39118122977346276	0.5257577817044992
1526	0.8481717871051493	0.7421660252886201	0.5909389363099147	0.657974899476057
1530	0.8817070532237127	0.7377979568671964	0.24942440521872603	0.3728133065672498
1540	0.8486585893552575	0.868406307532218	0.9038573689910856	0.8857772697583279
1544	0.9161077455646907	0.92456608811749	0.9448281742986271	0.9345873223398422
1547	0.8812202509736045	0.7389078498293515	0.31422351233671986	0.44093686354378814
1548	0.88749459108611	0.9059493858221104	0.9380171621207478	0.9217044342392532
1552	0.9030181739506707	0.8371335504885994	0.1285	0.22280017338534897
1554	0.8790566854175682	0.7190152801358234	0.3077761627906977	0.4310432569974555
1559	0.6982907832107312	0.713593193510091	0.7288803556992725	0.7211557688462308
1560	0.9133491994807442	0.9477124183006536	0.15458422174840086	0.26581118240146656
1562	0.8486585893552575	0.7027276930189551	0.41360544217687073	0.5207262761219595
1563	0.8654262224145391	0.7321063394683026	0.2433718558803535	0.3653061224489796
1564	0.8225335352661186	0.8063814358230602	0.5735900962861072	0.6703506480458153
1565	0.8102553007356122	0.7724224643755239	0.38331946755407653	0.5123714206283012
1566	0.8350822154911294	0.7988475641697224	0.3639618138424821	0.500081980652566
1569	0.8466572912159238	0.783250113481616	0.6473457137497656	0.7088425593098491
1570	0.8531479878840329	0.7575842696629214	0.5928775555067047	0.6651868294487606
1572	0.7802899177845088	0.7459489662879494	0.597493659555423	0.6635188866799205
1573	0.8401665945478148	0.8028969563623028	0.6996325291580124	0.7477162127550584
1574	0.9444504543487667	0.9042721518987342	0.5578330893118595	0.6900090552369453
1576	0.9181090437040242	0.9241928721174004	0.9475539506491273	0.9357276277806079
1577	0.7994915620943315	0.8399201596806387	0.388909426987061	0.5316487681617182
1579	0.8688338381652964	0.7105682421667552	0.41578620261031696	0.5246030190158792
1580	0.8926330592816962	0.9124252588595596	0.941039332180191	0.9265114212728147
1584	0.9036672436174816	0.6601941747572816	0.07363291824580401	0.13248904042864101
1588	0.9196235395932497	0.9274053202950194	0.9483094652995508	0.9377409083291436
1589	0.8357312851579403	0.8031609195402298	0.28807008502963155	0.4240470320500664
1590	0.8861964517524881	0.8774038461538461	0.15095119933829612	0.2575864502470007
1594	0.9183254002596278	0.929388527693194	0.9454164922561741	0.9373339973439574
1597	0.7576265685850281	0.7536085934877476	0.5984272957483673	0.6671123987816655
1598	0.7860774556469061	0.742415677407198	0.6035539215686274	0.6658217152513729
1600	0.8842492427520554	0.7023705004389815	0.3075740099961553	0.42780748663101603
1602	0.9202726092600606	0.9277591973244147	0.9478899709550658	0.9377165553959266
1603	0.7100281263522285	0.7441100367697127	0.6107757657053432	0.6708821904352631
1606	0.9316313284292514	0.940356357746153	0.9858685104318292	0.9625747616509741
1608	0.9182713111207269	0.9282481139983235	0.9441555119788558	0.9361342406695127
1609	0.8552574643011683	0.7493141289437586	0.5290556900726392	0.6202100482543287
1613	0.8354608394634357	0.8218884120171673	0.2914764079147641	0.43033707865168536
1615	0.9488316745997404	0.9195688225538972	0.566394279877426	0.7010113780025284
1616	0.8238857637386413	0.8144778481012658	0.7696237229005731	0.7914157591287635
1618	0.7887819125919515	0.7953029863728617	0.46162908111746886	0.5841763390480246
1619	0.9179467762873215	0.9248916305435145	0.9473998804542738	0.936010461045261
1621	0.8365426222414539	0.851013672795851	0.40013300820217246	0.5443305186972255
1623	0.8655884898312419	0.883626826526789	0.926752593524049	0.9046760520158041
1624	0.8601254868022501	0.7866424116424117	0.631677796327212	0.7006944444444444
1627	0.9215707485936824	0.9291226304311357	0.948210922787194	0.9385697339433995
1628	0.8053872782345305	0.7827564894932015	0.46665438467207077	0.5847183748845799
1630	0.8184227607096495	0.7827763496143959	0.39063502245028864	0.5211810012836969
1631	0.8469818260493293	0.801150226559777	0.7314240254574383	0.7647009897696082
1632	0.9167027260926006	0.9244244244244244	0.9458859679071355	0.9350320620992237
1637	0.8160428385980095	0.7941315664931378	0.7060308555399719	0.7474942460464771
1638	0.7706079619212463	0.8057184750733137	0.5801768509964366	0.6745952581907464
1639	0.9134573777585461	0.9240924092409241	0.15078082929456113	0.2592592592592593
1641	0.8864128083080918	0.7149321266968326	0.07198177676537586	0.13079470198675497
1642	0.9183254002596278	0.9266211604095563	0.9435273675065161	0.934997847610848
1643	0.7680116832540026	0.7487143110480582	0.595150831688751	0.6631587214324983
1644	0.875	0.9533527696793003	0.12471395881006865	0.22057335581787518
1647	0.8448182604932929	0.8580841358337558	0.3953759925268566	0.5413269384492406
1650	0.8352444829078322	0.8068181818181818	0.29053708439897696	0.4272282813087626
1652	0.8322154911293812	0.7549376299376299	0.5736571879936809	0.6519299820466786
1656	0.8757572479446127	0.9674267100977199	0.11493808049535603	0.20546523694223448
1657	0.8414647338814366	0.7915072685539403	0.6920889780899816	0.7384670295351119
1658	0.9183794893985288	0.9257822174523239	0.9484100135317998	0.9369595187366838
1661	0.7479446127217655	0.7679164304802009	0.8409151370045225	0.8027596715482943
1664	0.892146257031588	0.9092743442194156	0.9397543832548081	0.9242631419021574
1665	0.7716897446992644	0.73995148995149	0.6109283364325562	0.6692783828253546
1667	0.8286996971008221	0.6725784447476125	0.14415204678362573	0.2374187334457019
1669	0.8295110341843358	0.8080185042405551	0.2652493039736776	0.39939024390243905
1670	0.8934443963652099	0.8096357226792009	0.275931117340809	0.4115890083632019
1675	0.8225335352661186	0.7858681602757432	0.3958333333333333	0.5264828979650743
1679	0.784400692340978	0.742539290128907	0.6245358681122828	0.6784446595676025
1680	0.8047922977066205	0.7773683069585953	0.5813878080415046	0.6652444114646138
1681	0.8544461272176547	0.7562626946513202	0.5312722948870392	0.6241095125017461
1683	0.9071830376460407	0.927360774818402	0.18511358144030932	0.30862207896857374
1684	0.896960190393769	0.91725768321513	0.9361768368617683	0.9266207002811909
1688	0.9189744699264387	0.929318068690891	0.9454760297096556	0.9373274202995566
1689	0.8559606231068801	0.7701462930820729	0.6414704667492772	0.699943661971831
1690	0.7856988316745998	0.8130785309047477	0.4494140947351048	0.5788690476190476
1692	0.918866291648637	0.931820078444463	0.9423580048949278	0.9370594159113796
1695	0.8151233232366941	0.8558256496227996	0.39913995308835026	0.5443881631564916
1696	0.8340004327131112	0.8868594622019279	0.3804962995211145	0.5325209444021326
1701	0.9212462137602769	0.9272225935828877	0.9499229583975347	0.9384355179704018
1702	0.8976092600605798	0.9154119694333056	0.9398011496038527	0.9274462458318962
1703	0.9030181739506707	0.9116788321167884	0.977754582816883	0.9435613333753029
1704	0.7439420164430982	0.7577991549042524	0.8051389817556596	0.7807521304186735
1707	0.8242102985720468	0.8108303249097473	0.7432164129715421	0.7755524861878452
1708	0.7397230636088273	0.7967550975663231	0.48330895065833224	0.6016556291390729
1712	0.8327563825183903	0.8372268274302939	0.9446548658885368	0.8877024769376044
1713	0.7468087408048464	0.7591331269349845	0.7581160465835308	0.758624245861909
1716	0.763035482475119	0.8411617067049122	0.3733290897517505	0.5171387633638267
1720	0.783156642146257	0.7774880033382016	0.7989066352234966	0.7880518107322231
1721	0.8215599307659022	0.763676963155936	0.4351145038167939	0.5543698500607861
1722	0.7516767633059281	0.75682637815559	0.5812450540754418	0.6575158522939202
1723	0.8553115534400693	0.7628032345013477	0.09860627177700348	0.1746374575748226
1728	0.7804521852012116	0.8361650485436893	0.36130047194546405	0.504577077993409
1732	0.7915945478147988	0.8177969305209042	0.882300163132137	0.8488248911209635
1733	0.8041973171787106	0.8275918102047449	0.8717904827114002	0.8491163721240415
1734	0.8119320640415405	0.8282297056578166	0.8705420827389444	0.8488589437078896
1736	0.8393011683254002	0.7571776155717762	0.38629592850049654	0.5115896761466382
1779	0.9160536564257897	0.8443223443223443	0.2391078838174274	0.37267582861762333
1821	0.902855906533968	0.8091954022988506	0.17046004842615012	0.28159999999999996
1842	0.8976092600605798	0.8393094289508632	0.2628951747088186	0.4003801076971809
1905	0.7118671570748594	0.6537252221462748	0.6312038014783526	0.642267141226244
1918	0.821127217654695	0.7516629711751663	0.09592529711375213	0.17013801756587202
1924	0.9041540458675897	0.9461077844311377	0.08224882873503384	0.15134099616858235
2201	0.832323669407183	0.863905325443787	0.9203680892688936	0.8912433342688746
2202	0.7684984855041108	0.6948818897637795	0.4815825375170532	0.5688960515713135
2203	0.8884681955863263	0.7959183673469388	0.03679245283018868	0.0703336339044184
2245	0.8172327996538296	0.8281418991996539	0.8105218587911507	0.8192371475953566
2248	0.8577996538295111	0.8201775625504439	0.7703153426318982	0.794464858103354
2250	0.888630463003029	0.8162891786776482	0.7396351575456053	0.7760739532354541
2251	0.9281696235395932	0.8527375707992448	0.7591036414565826	0.8032009484291642
2252	0.9357421029857205	0.8456614509246089	0.7592592592592593	0.800134589502019
2253	0.9556469061012549	0.8603491271820449	0.7615894039735099	0.8079625292740048
2254	0.931306793595846	0.8301957831325302	0.7291666666666666	0.7764084507042255
2258	0.9119969710082215	0.8017375116351225	0.723404255319149	0.7605592347314203
2266	0.8995023799221117	0.8074630733350608	0.7364689198770976	0.7703337453646477
2279	0.9200021635655561	0.7845559845559845	0.6881137825939723	0.733176979974743
2280	0.9423409779316313	0.7939335580163698	0.7210319195452558	0.7557286892758938
2286	0.8858178277801817	0.8134974920200638	0.7340053486936844	0.7717097437006597
2305	0.9233016010385114	0.893491124260355	0.549490538573508	0.6804867057232988
2314	0.9659779316313284	0.954483695652174	0.7142857142857143	0.8170979936027915
2348	0.8813825183903072	0.7798334875115633	0.6309880239520959	0.6975589573851882
2351	0.9274123755949806	0.8005768438401318	0.6936808282756158	0.7433052792654935
2370	0.8277260926006058	0.8085470085470086	0.6961000735835173	0.7481217872676948
2408	0.8557983556901774	0.8918770581778266	0.3969223253541768	0.5493576741041244
2461	0.9374729554305495	0.9406068431245965	0.5779452598175328	0.715970515970516
2551	0.8066313284292514	0.8050990307627476	0.5904806057796322	0.6812873317286262
2558	0.892795326698399	0.8538083538083538	0.648623425104993	0.7372049854150095
2573	0.829348766767633	0.8428597911388495	0.957058658433904	0.896336454739609
2581	0.8220467330160104	0.6503067484662577	0.12162937464142283	0.20492991783470274
2743	0.8822479446127217	0.8623853211009175	0.041666666666666664	0.07949260042283297
3052	0.8710514928602336	0.7279411764705882	0.11556420233463036	0.1994627266621894
3058	0.832323669407183	0.8597475455820477	0.29714008725157537	0.44164265129682995
3060	0.9132410212029425	0.831230283911672	0.26037549407114624	0.39653875094055685
3097	0.7113262656858503	0.7237898418249742	0.8302334062727936	0.7733661726612596
3468	0.9271960190393769	0.889954568399798	0.6098235904531304	0.723727422003284
3470	0.8672111639982691	0.7830188679245284	0.1769094138543517	0.28861199652274705
3546	0.8690501947209001	0.6956521739130435	0.08195429472025216	0.14663376806485723
3549	0.8811120726958027	0.7215189873417721	0.05026455026455026	0.09398186314921682
4163	0.9330917351795759	0.9223861449647209	0.5630383711824589	0.6992462922441042
4164	0.9205430549545651	0.9446680080482898	0.39906502337441563	0.5610994920824619
4166	0.8840328861964517	0.816055625790139	0.4106234096692112	0.5463393990689801
4451	0.7543271311120727	0.7895410495520204	0.7940419271791099	0.7917850921426606
4452	0.8780289917784508	0.8697478991596639	0.08515014397367339	0.1551142750093668
4571	0.8877650367806145	0.8236842105263158	0.24386443319049475	0.3763149984971446
4577	0.8056036347901342	0.816250773355331	0.5942050743131662	0.6877497827975674
4853	0.8686715707485937	0.704225352112676	0.11529592621060722	0.19815059445178332
4890	0.8484963219385547	0.7580128205128205	0.2746008708272859	0.40315363307053054
4929	0.7176006057983557	0.7273478587528174	0.8587776102191076	0.7876174592197861
5128	0.87440501947209	0.8999938457751246	0.9545068859735004	0.9264491605955021
5199	0.8901990480311553	0.8704156479217604	0.15259322760394342	0.25966447848285923
5232	0.8372457810471657	0.8447829836159816	0.5434541420118343	0.661415550804546
5273	0.8007897014279532	0.7408360128617363	0.44470179502026635	0.5557833795682064
5303	0.8847901341410644	0.8007662835249042	0.09138609532138173	0.1640502354788069
5306	0.9057767200346171	0.8007518796992481	0.11198738170347003	0.19649446494464945
5312	0.8518498485504111	0.761996161228407	0.13180610889774236	0.22473818284743843
5344	0.8610450021635656	0.7461273666092944	0.27602674307545366	0.40297466883569605
5359	0.7403721332756382	0.7731434384537131	0.6215679401799276	0.689119170984456
5544	0.8658048463868455	0.9088903415590783	0.8906237488990312	0.8996643345331016
5558	0.8845196884465599	0.893050353724511	0.5333001988071571	0.6678076863233234
5559	0.9148096062310688	0.908411214953271	0.5850135419801384	0.7116968698517299
5563	0.8421678926871484	0.779045643153527	0.3760640961442163	0.5072610604525497
5564	0.8981501514495889	0.77663772691397	0.38080495356037153	0.5110360945209036
5575	0.798572046733016	0.8169205658324266	0.49603567888999006	0.6172661870503597
5586	0.87559498052791	0.7548882681564246	0.3567656765676568	0.48453608247422686
5596	0.8621267849415837	0.8853149727674442	0.8573845541401274	0.8711259416552909
5601	0.9097252271743834	0.909181636726547	0.5506195225143548	0.6858648597779032
5605	0.8466032020770229	0.8591337099811676	0.4809192494201982	0.6166531494998648
5610	0.879110774556469	0.8707248596222562	0.8481044126786824	0.859265789307978
5612	0.9385006490696668	0.9215517241379311	0.5054373522458628	0.6528244274809161
5613	0.8928494158372998	0.8850653819683414	0.41483870967741937	0.5649022622446739
5616	0.8879813933362181	0.8488504810044024	0.8198425196850394	0.8340943683409437
5622	0.9212462137602769	0.8791946308724832	0.32409698169223156	0.4736080983369487
5623	0.9043704024231934	0.8530844155844156	0.8010670731707317	0.8262578616352202
5626	0.9104824751189962	0.8371975806451613	0.7670283999076426	0.8005783829377033
5631	0.893390307226309	0.8007312614259597	0.7173607861488067	0.7567567567567567
5632	0.9360666378191259	0.8137966804979253	0.6559364548494984	0.726388888888889
5633	0.9294677628732151	0.8394736842105263	0.3505494505494505	0.4945736434108527
5634	0.8741886629164863	0.8206543967280163	0.7347125595020139	0.7753091190108191
5635	0.9275746430116832	0.8192161820480405	0.6811492641906096	0.7438301128754544
5637	0.9025313717005625	0.8496605237633366	0.34720570749108204	0.49296567248171064
5641	0.861369536996971	0.8348961821835231	0.7597135456346183	0.7955325089748704
5642	0.9200562527044569	0.8170470756062768	0.7036240786240786	0.7561056105610561
5644	0.8751081782778019	0.8315347721822542	0.4061493411420205	0.5457407043084793
5648	0.8235071397663349	0.8283231229519875	0.7385670731707317	0.7808743536364247
5650	0.912916486369537	0.839794064203513	0.7195121951219512	0.7750139742873113
5654	0.8482799653829511	0.8385794995964487	0.5856820744081173	0.6896780617324925
5655	0.925951968844656	0.8458498023715415	0.4137264378927018	0.5556637455371634
5677	0.8819234097793163	0.8596815994076268	0.5627726611730489	0.6802402226453785
5685	0.8982583297273907	0.8219954648526077	0.29603919967333603	0.4353047132993094
5686	0.9013414106447425	0.8198263386396527	0.4183899556868538	0.5540342298288509
5692	0.7808848983124189	0.8115926327193933	0.7641538304600632	0.7871591446435139
5693	0.8216140199048031	0.8191785913398997	0.654685875538393	0.7277530130427603
5694	0.9062094331458244	0.874573702159909	0.6219347884667206	0.7269291338582677
5699	0.9362829943747295	0.9153439153439153	0.6295487627365357	0.7460112117291936
5710	0.87381003894418	0.8469047007449267	0.6549463647199046	0.7386580038086703
5725	0.9322803980960623	0.9022653721682848	0.5587174348697395	0.69009900990099
5786	0.8235071397663349	0.8147100424328148	0.632173095014111	0.7119272534651718
5788	0.9208135006490696	0.8420038535645472	0.40202391904323825	0.5442092154420921
5830	0.8762440501947208	0.8512923799932863	0.5788632732252911	0.6891304347826087
5846	0.8873864128083081	0.8134556574923547	0.29588431590656283	0.43393148450244695
5860	0.7568152315015145	0.778769375293565	0.8562575314167671	0.815677271236471
5861	0.8152855906533968	0.8243708129639689	0.65061446127465	0.7272582062135613
5863	0.8831133708351363	0.8749601275917065	0.6079343971631206	0.7174055185039885
5875	0.8455755084379056	0.8414357110404361	0.6319740658590685	0.7218162330702523
5904	0.861369536996971	0.8567467652495379	0.27796101949025487	0.41974190627122476
5936	0.9196235395932497	0.9412997903563941	0.3857388316151203	0.5472273004265691
5984	0.8280506274340113	0.8368858851052768	0.7699390170991272	0.8020178115463661
6141	0.829348766767633	0.7637401855817273	0.27478171545968155	0.4041548630783758
6235	0.8740263954997837	0.877297895902547	0.9929184683837814	0.9315342328835582
6599	0.7918649935093033	0.8198792908336476	0.6004143646408839	0.6931908786477435
6717	0.906425789701428	0.943558282208589	0.3134936812066857	0.47062423500612
6747	0.9296300302899178	0.8054110301768991	0.4099576271186441	0.5433485433485434
6806	0.9183254002596278	0.9407484407484408	0.3837998303647159	0.5451807228915663
6821	0.880300735612289	0.8764044943820225	0.034210526315789476	0.06585056986070072
6826	0.8872241453916053	0.6620498614958449	0.10853769300635786	0.1865001950838861
6829	0.866129381220251	0.7348300970873787	0.3727300707910126	0.49458852358586886
6830	0.8904154045867589	0.8186046511627907	0.27350427350427353	0.41001747233546887
6836	0.8831133708351363	0.7770700636942676	0.054270462633451956	0.10145530145530145
6838	0.8378948507139766	0.8491171749598716	0.3688981868898187	0.5143412736995624
6839	0.8711055819991346	0.7209876543209877	0.21306092666909887	0.32892143058293444
6841	0.8907940285590653	0.6797642436149313	0.15712988192552224	0.2552563629656953
6843	0.8807334487234963	0.6724890829694323	0.13034278459585272	0.2183622828784119
6844	0.8730527909995673	0.6900406504065041	0.24954061006982728	0.36653171390013495
6845	0.9248160969277369	0.8357371794871795	0.46813285457809695	0.6001150747986191
6847	0.822263089571614	0.729050279329609	0.20725251455796717	0.32275350370981043
6849	0.8734855041107745	0.8249001331557922	0.3737556561085973	0.5144280672617813
6850	0.8757031588057118	0.8392344497607656	0.4720129171151776	0.6042025490871512
6851	0.8937689311986153	0.8679593721144968	0.5283867341202922	0.6568832983927323
6852	0.9269796624837733	0.8743455497382199	0.5356856455493184	0.6643460964694182
6853	0.8514171354392038	0.8322147651006712	0.04356992269852424	0.08280467445742905
6854	0.884465599307659	0.716374269005848	0.10726795096322242	0.1865955826351866
6855	0.8795975768065772	0.6886792452830188	0.06331309627059845	0.11596505162827642
6856	0.8090112505408914	0.7327117327117327	0.22832929782082326	0.3481631899575411
6857	0.8191259195153613	0.8265980896399706	0.439281530652089	0.5736868944416114
6858	0.8534184335785374	0.7658282740676496	0.26572374360517603	0.39454870420017873
6859	0.8285374296841195	0.7643979057591623	0.1634023503077784	0.26924850161364683
6860	0.785536564257897	0.6991327551701134	0.22972380534853135	0.34581752186107906
6861	0.8271852012115967	0.6307086614173228	0.2271051885455061	0.3339587242026267
6862	0.818693206404154	0.7282051282051282	0.250062893081761	0.37228464419475654
6863	0.8416270012981394	0.7316715542521994	0.2803370786516854	0.40536149471974003
6864	0.8705646906101255	0.8022938285090114	0.4197142857142857	0.5511161132995684
6866	0.8746754651665946	0.8490127758420442	0.41545893719806765	0.5579087960312917
6867	0.9285482475118996	0.8941398865784499	0.5517107309486781	0.6823755710507333
6868	0.8751622674167028	0.7168949771689498	0.06533499791926758	0.11975591151792526
6869	0.8129056685417568	0.7151664611590629	0.38615179760319573	0.501513186338089
6870	0.8297273907399394	0.8046511627906977	0.26385358413828164	0.39739663093415
6871	0.8646148853310255	0.8906199285946121	0.5588594704684318	0.6867726191965962
6872	0.8110666378191259	0.7758595885484103	0.7359443231441049	0.7553750262623433
6873	0.7986261358719169	0.7974270353302612	0.6088550065972731	0.6904979632554659
6874	0.7931090437040242	0.7309168443496802	0.34922575387123067	0.47263201433889424
6875	0.8475768065772393	0.795553791186979	0.4652890643139076	0.5871667154995606
6876	0.7995456512332324	0.8381877022653722	0.4468599033816425	0.58293945532298
6877	0.8119320640415405	0.7725442834138486	0.3972262471537984	0.5246753246753247
6878	0.8238857637386413	0.7975051264524948	0.6926387652122291	0.7413820492454327
6879	0.8396257031588057	0.8171573461050852	0.7767809319764328	0.7964577469623122
6880	0.8179359584595414	0.790467006474721	0.7566926018726098	0.7732111575259399
6881	0.7840761575075724	0.7193569993302076	0.40513013956997357	0.5183397683397682
6882	0.8409238424924276	0.8147303461228871	0.7956242630682563	0.8050639623516936
6883	0.9050735612289053	0.8254620123203286	0.19401544401544402	0.3141852286049238
6884	0.8255084379056685	0.6848	0.3276346006634345	0.44321712115982054
6885	0.8188013846819558	0.7702905811623246	0.5582788671023965	0.6473684210526315
6886	0.8117157074859368	0.7539531941808981	0.46864556713190486	0.5780094556915989
6887	0.7675789701427953	0.8037447988904299	0.5942827842584284	0.683322278723561
6888	0.8131220250973604	0.7835205992509363	0.4210102636345341	0.5477156695902605
6889	0.8705106014712246	0.808526740665994	0.6621900826446281	0.7280781462971376
6890	0.766605365642579	0.8107800773254492	0.7289643185768326	0.7676985195154777
6891	0.7300951968844656	0.7138434321096859	0.4662045060658579	0.5640398392451512
6892	0.8427628732150584	0.8121037463976946	0.7785605746650089	0.7949784893151844
6893	0.8330809173517958	0.8111462951234959	0.8006000750093761	0.8058386812633698
6894	0.8824643011683254	0.8589174800354925	0.32461435278336687	0.47116086639084936
6895	0.8985287754218952	0.7605633802816901	0.08152994464016104	0.14727272727272728
6896	0.7710406750324534	0.7818919604362161	0.7104505127318815	0.7444612134017506
6897	0.8360017308524448	0.7080876158382476	0.4181592039800995	0.5258054426024398
6898	0.847198182604933	0.8830275229357798	0.5603056212479535	0.6855870895937674
6899	0.8509844223279965	0.7062691801841298	0.43587662337662336	0.5390664212815793
6900	0.7758546083946344	0.819701646090535	0.48069381598793365	0.606008746910059
6901	0.7784508870618779	0.7452798940046373	0.6375743836780958	0.6872327428222358
6902	0.7999242752055388	0.7499099099099099	0.40916240660637043	0.5294491794937031
6903	0.8652639549978365	0.6865342163355408	0.11691729323308271	0.19980725987793124
6904	0.8250216356555604	0.8847328244274809	0.4414397257665207	0.5889975860754669
6905	0.8085785374296841	0.7744003799572549	0.5574358974358974	0.6482457012225424
6906	0.8390307226308957	0.7657802847166264	0.5753784056508577	0.6570638395943766
6907	0.7286888792730419	0.717816221073916	0.4593817397555715	0.5602314571278274
6908	0.7417784508870618	0.6733201581027668	0.5219056372549019	0.5880220918191231
6909	0.8251298139333622	0.7841702693714666	0.7090663058186739	0.7447295696802212
6910	0.7306901774123756	0.7654647700959312	0.565148369764318	0.6502283105022831
6911	0.8173409779316313	0.8304576144036009	0.8119237217099748	0.8210860927152318
6912	0.7681739506707054	0.7788498649170205	0.5624303232998885	0.6531801262340184
6913	0.7561120726958027	0.753500048276528	0.7995901639344263	0.7758612119103246
6914	0.6970467330160104	0.6814035087719298	0.5064545573086452	0.5810457027451567
6915	0.8066313284292514	0.6985915492957746	0.38053485313459007	0.49269192564211717
6916	0.7082431847684985	0.7168666576783066	0.6174660318197654	0.6634639381083105
6917	0.7383708351363046	0.7693543528466713	0.7510292099588316	0.7600813451713705
6918	0.7231717871051493	0.7270305348726006	0.9046323841903953	0.8061657324647781
6919	0.7655776720034617	0.8030771951543019	0.8116900527303602	0.8073606542803805
6920	0.8538511466897447	0.84780885516929	0.8464669304691916	0.8471373613939807
6921	0.7681739506707054	0.7841487556561086	0.8999513145082765	0.8380686111530905
6922	0.840058416270013	0.84321322484825	0.78928916827853	0.8153605994380269
6923	0.7399394201644309	0.7411459650898052	0.942496380891105	0.8297812079586491
6924	0.8392470791864993	0.8518495646266906	0.9601169346418876	0.9027486910994765
6925	0.877325832972739	0.8779626828038326	0.8916316705930554	0.8847443845919302
6926	0.9112938122025097	0.9249761070404587	0.9433073424301495	0.934051793469519
6927	0.883870618779749	0.9041651833392667	0.9406666666666667	0.9220548193864585
6928	0.8786780614452618	0.882122133185963	0.9931557989049278	0.9343518599818539
6929	0.8991237559498053	0.9217385637951258	0.9551624012424876	0.9381528768031836
6937	0.8344872349632194	0.8485823944533861	0.9571288926127636	0.8995931224570154
6939	0.8354608394634357	0.8635691231845078	0.9268908775981525	0.8941102756892232
6941	0.8326482042405885	0.7484008528784648	0.19719101123595506	0.31213872832369943
6942	0.9071289485071398	0.9193002722996947	0.9377946127946128	0.928455352306346
6943	0.7158697533535266	0.6559989105270325	0.6385206786850477	0.6471418015718412
6946	0.7198723496321938	0.723975566301858	0.9311727637286193	0.8146053338106318
6947	0.9110233665080052	0.9236144969933365	0.9415955596056664	0.9325183574681051
6948	0.8960406750324534	0.7116883116883117	0.24377224199288255	0.3631544068919815
6949	0.8342708784076157	0.8322762508809021	0.2947342151235338	0.4353114633247328
6954	0.823993942016443	0.6776978417266187	0.13453299057412169	0.22449952335557674
6959	0.8699156209433145	0.7073170731707317	0.2818465810482471	0.4030776867709109
6960	0.8831133708351363	0.8256756756756757	0.39104	0.530727470141151
6964	0.8681847684984855	0.6933333333333334	0.11949444657219456	0.20385494936295329
6965	0.7397771527477283	0.7384468225025408	0.9659055364404129	0.836998136540742
6966	0.7551384681955863	0.7852992714193489	0.794754526787381	0.7899986083406781
6968	0.9197317178710515	0.9563451776649746	0.39530004196391105	0.5593824228028503
6984	0.9346062310688014	0.9071782178217822	0.5805940594059406	0.7080415358609032
7013	0.9002596278667243	0.8452380952380952	0.4425207756232687	0.5809090909090909
7024	0.7839679792297707	0.7524822695035461	0.39165743816906606	0.5151735858218014
7029	0.7137602769363912	0.7407340280924332	0.7707685054219707	0.755452865064695
7035	0.9035049762007789	0.8089171974522293	0.1836144578313253	0.29929300864100555
7044	0.8971765469493725	0.93993993993994	0.33776978417266185	0.4969568668960042
7071	0.8552033751622674	0.8156378600823045	0.6899912967798085	0.7475719000471477
7098	0.8321614019904803	0.7344527363184079	0.30619652579725176	0.4322049405306496
7105	0.8384357421029858	0.7916108879964302	0.63345831101589	0.7037588019438661
7143	0.8968520121159671	0.9186319027391241	0.9403253617212685	0.9293520542362835
7153	0.8529316313284292	0.8770402611534276	0.23622508792497068	0.3722004156084045
7154	0.9143768931198615	0.8943377148634984	0.5628380528157811	0.6908806873657489
7162	0.7554630030289918	0.7941527446300716	0.8156351221220345	0.8047505938242281
7166	0.9247079186499351	0.7997047244094488	0.6226053639846744	0.7001292546316245
7216	0.7906750324534834	0.7112112112112112	0.3014425116673738	0.42342073897497023
7229	0.8680765902206837	0.8864864864864865	0.06351665375677769	0.11853993494759667
7240	0.9002596278667243	0.8454545454545455	0.0484375	0.0916256157635468
7246	0.9068585028126352	0.8344155844155844	0.133298755186722	0.2298747763864043
7254	0.8374080484638684	0.7203389830508474	0.02779594506213211	0.0535264483627204
7269	0.8654803115534401	0.8837209302325582	0.04408352668213457	0.08397790055248619
7279	0.8875486802250108	0.8883048620236531	0.2531835205992509	0.39405421160011656
7287	0.8875486802250108	0.8704793944491169	0.34966216216216217	0.4989154013015184
7292	0.9073993942016443	0.8293375394321767	0.6918421052631579	0.7543758967001436
7321	0.9435850281263523	0.9216073781291173	0.602238484718037	0.7284561312158292
7356	0.7539485071397664	0.7951183431952663	0.7424765663542181	0.7678963212408796
7400	0.8880895716140199	0.7696190913262965	0.5169543773119606	0.6184768578277706
7414	0.8476849848550411	0.6952380952380952	0.3014749262536873	0.4205761316872428
7430	0.892795326698399	0.8723004694835681	0.5207399103139013	0.6521586521586521
7439	0.8876568585028126	0.7944194996792816	0.6330181446460517	0.7045939411179064
7470	0.8647230636088273	0.8556701030927835	0.03229571984435798	0.06224221972253469
7476	0.9152423193422761	0.9474885844748858	0.21184277692700357	0.34626616604088445
7496	0.8084703591518823	0.7642153146322972	0.71733561058924	0.7400337713824243
7506	0.9097252271743834	0.8712574850299402	0.2688221709006928	0.41087186727850333
7514	0.9088598009519688	0.834375	0.1406003159557662	0.2406489409643984
7517	0.7399394201644309	0.7417143538388173	0.9632296021055891	0.8380817673604095
7524	0.7836434443963652	0.6679124399359316	0.27025275437459495	0.38480467548446634
7525	0.8279965382951103	0.7300275482093664	0.07917538093815357	0.14285714285714285
7533	0.8510385114668975	0.7123411978221416	0.2436374922408442	0.36308973172987974
7539	0.87797490263955	0.9311663479923518	0.40482128013300084	0.5643105446118192
7553	0.8818152315015145	0.843108504398827	0.6353591160220995	0.7246376811594204
7558	0.8778667243617482	0.8411764705882353	0.25193798449612403	0.38774403470715835
7559	0.8816529640848118	0.8792463337664749	0.9143822393822394	0.8964701428977004
7565	0.921192124621376	0.8576444302585381	0.7266089778258518	0.7867076562728736
7619	0.9574318476849849	0.9230287859824781	0.6895745675549322	0.7894032646507895
7635	0.8398420597144094	0.7142857142857143	0.1	0.1754385964912281
7649	0.879110774556469	0.9296274393849793	0.4262472885032538	0.5844952593418851
7671	0.8908481176979662	0.8601312551271534	0.5556438791732909	0.6751448808757243
7736	0.7287970575508438	0.7673371045464069	0.7239573038149832	0.7450162733930025
7756	0.9217330160103852	0.8993506493506493	0.5173701905117669	0.6568650699549442
7764	0.9200021635655561	0.8447807528133489	0.6686117936117936	0.746442653865935
7771	0.9075616616183471	0.7653478854024557	0.26739752144899903	0.39632638643588836
7781	0.8982583297273907	0.7820069204152249	0.20480289986406888	0.32459605026929983
7787	0.8105798355690177	0.8200899550224887	0.6325527609135588	0.7142157662803982
7790	0.8479554305495457	0.8404212231672742	0.46193232413178986	0.5961787099554663
7811	0.8178818693206404	0.740041928721174	0.09816462736373749	0.17333660692364353
7835	0.8863046300302899	0.8188894654903995	0.6921052631578948	0.7501782743047302
7859	0.8536347901341411	0.8867924528301887	0.16376306620209058	0.2764705882352941
7869	0.9353634790134141	0.8274483677548301	0.5702479338842975	0.6751834737700462
7906	0.8978256166161834	0.8586762075134168	0.35674470457079155	0.5040693095300605
7957	0.8393011683254002	0.8527479275406816	0.9603734439834025	0.9033664010408197
7977	0.9041540458675897	0.9219886184002529	0.9369477911646586	0.9294080152975858
8003	0.810471657291216	0.7899478425794215	0.6967795901296528	0.7404444444444443
